pageid,title,birth_y,birth_m,birth_d,death_y,death_m,death_d,death_age
433017,GG Allin,1956,8,29,1993,6,28,36
14646985,Sheldon Allman,1924,5,8,2002,1,22,77
4523557,Sam Andrew,1941,12,18,2015,2,12,73
11160195,West Arkeen,1960,6,18,1997,5,30,36
8300932,Skip Battin,1934,2,18,2003,7,6,69
1001915,Chris Bell (American musician),1951,1,12,1978,12,27,27
2474795,Boyd Bennett,1924,12,7,2002,6,2,77
301179,Richard Berry (musician),1935,4,11,1997,1,23,61
10947451,David Blue (musician),1941,2,18,1982,12,2,41
27655,Sonny Bono,1935,2,16,1998,1,5,62
5222531,Dave Brockie,1963,8,30,2014,3,23,50
237960,Big Bill Broonzy,1893,6,26,1958,8,14,65
8924577,Nappy Brown,1929,10,12,2008,9,20,78
173691,Jeff Buckley,1966,11,17,1997,5,29,30
342865,Tim Buckley,1947,2,14,1975,6,29,28
723359,J. J. Cale,1938,12,5,2013,7,26,74
1289948,Randy California,1951,2,20,1997,1,2,45
1939001,Terry Callier,1945,5,24,2012,10,27,67
15382901,Johnny Carroll,1937,10,23,1995,1,13,57
171050,Harry Chapin,1942,12,7,1981,7,16,38
6589671,Bobby Charles,1938,2,21,2010,1,14,71
147311,Ray Charles,1930,9,23,2004,6,10,73
1472136,Vic Chesnutt,1964,11,12,2009,12,25,45
42650086,Keith Christopher,1957,4,27,1998,2,23,40
846902,Gene Clark,1944,11,17,1991,5,24,46
671637,Guy Clark,1941,11,6,2016,5,17,74
16707,Kurt Cobain,1967,2,20,1994,4,5,27
7141675,Bud Cockrell,1950,3,28,2010,3,6,59
18084380,George M. Cohan,1878,7,3,1942,11,5,64
3101373,Jerry Colonna (entertainer),1904,9,17,1986,11,21,82
166915,Jim Croce,1943,1,10,1973,9,20,30
576282,Andrae Crouch,1942,7,1,2015,1,8,72
237443,Joe Dassin,1938,11,5,1980,8,20,41
15031288,George S. Davis,1906,8,19,1992,11,3,86
58586,John Denver,1943,12,31,1997,10,12,53
5033,Bo Diddley,1928,12,30,2008,6,2,79
328549,Jimmy Driftwood,1907,6,20,1998,7,12,91
394784,Kevin DuBrow,1955,10,29,2007,11,19,52
23507839,Kenny Edwards,1946,2,10,2010,8,18,64
2439841,Richard Farina,1937,3,8,1966,4,30,29
6255309,Doug Fieger,1952,8,21,2010,2,14,57
7128441,Danny Flores,1929,7,11,2006,9,19,77
697523,Kim Fowley,1939,7,21,2015,1,15,75
2836846,Jackson C. Frank,1943,3,2,1999,3,3,56
147995,Marvin Gaye,1939,4,2,1984,4,1,44
764709,Lowell George,1945,4,13,1979,6,29,34
749887,Kevin Gilbert (musician),1966,11,20,1996,5,18,29
40232,Steve Goodman,1948,7,25,1984,9,20,36
2850239,Dobie Gray,1940,7,26,2011,12,6,71
113137,Andy Griffith,1926,6,1,2012,7,3,86
33278,Woody Guthrie,1912,7,14,1967,10,3,55
13728608,Curtis Hairston,1961,10,1,1996,1,18,34
16095,Jimi Hendrix,1942,11,27,1970,9,18,27
4408,Buddy Holly,1936,9,7,1959,2,3,22
340576,Shannon Hoon,1967,9,26,1995,10,21,28
408259,Rick James,1948,2,1,2004,8,6,56
31518760,Bobby Jameson,1945,4,20,2015,5,12,70
8903228,Jimi Jamison,1951,8,23,2014,9,1,63
3488852,Tom Jans,1948,2,9,1984,3,25,36
22274560,Jah Paul Jo,1956,11,1,2014,12,29,58
29258082,General Johnson (musician),1941,5,23,2010,10,13,69
3297421,Joe Jones (singer),1926,8,12,2005,11,27,79
152603,B.B. King,1925,9,16,2015,5,14,89
363631,Ben E. King,1938,9,28,2015,4,30,76
4075686,Peter La Farge,1931,4,30,1965,10,27,34
420126,Frankie Laine,1913,3,30,2007,2,6,93
1122098,Jani Lane,1964,2,1,2011,8,11,47
1589105,Chris LeDoux,1948,1,4,2005,3,9,57
916874,Arthur Lee (musician),1945,3,7,2006,8,3,61
6154223,Curtis Lee,1939,10,28,2015,1,8,75
47606914,Ronny Lee,1927,3,2,2015,4,22,88
43650446,Mosie Lister,1921,9,8,2015,2,12,93
1595240,Hank Locklin,1918,2,15,2009,3,8,91
38317546,Mitch Lucker,1984,10,20,2012,11,1,28
21360757,Victor Lundin,1930,6,15,2013,6,29,83
6817632,Ernie Maresca,1938,8,21,2015,7,8,76
45254120,Bob Markley,1935,8,29,2003,9,9,68
1952310,Van McCoy,1940,1,6,1979,7,6,39
1194878,Terry Melcher,1942,2,8,2004,11,19,62
17256,Kim Milford,1951,2,7,1988,6,16,37
15135713,Jim Morrison,1943,12,8,1971,7,3,27
6873738,Maury Muehleisen,1949,1,14,1973,9,20,24
2068482,Jimmy Nelson (singer),1919,4,7,2007,7,29,88
147406,Harry Nilsson,1941,6,15,1994,1,15,52
25123,Phil Ochs,1940,12,19,1976,4,9,35
1743112,Alan O'Day,1940,10,3,2013,5,17,72
26552,Roy Orbison,1936,4,23,1988,12,6,52
14758699,Owsley (musician),1966,3,6,2010,4,30,44
98513,Carl Perkins,1932,4,9,1998,1,19,65
159268,River Phoenix,1970,8,23,1993,10,31,23
7309499,Owain Phyfe,1949,4,9,2012,9,5,63
165935,Gene Pitney,1940,2,17,2006,4,5,66
326691,Billy Preston,1946,9,2,2006,6,6,59
57317,Prince (musician),1958,6,7,2016,4,21,57
49097764,Chuck Pyle,1945,1,28,2015,11,6,70
4972953,Marvin Rainwater,1925,7,2,2013,9,17,88
15839,Joey Ramone,1951,5,19,2001,4,15,49
59533,Lou Reed,1942,3,2,2013,10,27,71
625857,Charlie Rich,1932,12,14,1995,7,25,62
10036685,Billy Lee Riley,1933,10,5,2009,8,2,75
191361,Marty Robbins,1925,9,26,1982,12,8,57
30056804,Timmie Rogers,1914,7,4,2006,12,17,92
3286492,Tim Rose,1940,9,23,2002,9,24,62
6075775,Lanny Ross,1906,1,19,1988,4,25,82
799178,Billy Joe Royal,1942,4,3,2015,10,6,73
17205047,Calvin Russell (musician),1948,11,1,2011,4,3,62
1071335,Barry Sadler,1940,11,1,1989,11,5,49
2948668,Mark Sandman,1952,9,24,1999,7,3,46
7732230,Phil Seymour,1952,5,11,1993,8,17,41
29289016,Frankie Lee Sims,1917,4,30,1970,5,10,53
80646,Elliott Smith,1969,8,6,2003,10,21,34
21705109,Ray Smith (rockabilly singer),1934,10,30,1979,11,29,45
2488161,Skip Spence,1946,4,18,1999,4,16,52
216774,Layne Staley,1967,8,22,2002,4,5,34
2842637,Jermaine Stewart,1957,9,7,1997,3,17,39
481654,John Stewart (musician),1939,9,5,2008,1,19,68
48222258,Jim Sullivan (singer-songwriter),1940,8,13,1975,3,6,34
1790603,Howard Tate,1939,8,13,2011,12,2,72
23142276,Art Thieme,1941,7,9,2015,5,26,73
21989974,Robbin Thompson,1949,6,16,2015,10,10,66
50504,Ike Turner,1931,11,5,2007,12,12,76
51845,Ritchie Valens,1941,5,13,1959,2,3,17
292709,Townes Van Zandt,1944,3,7,1997,1,1,52
431713,Ronnie Van Zant,1948,1,15,1977,10,20,29
431785,Randy VanWarmer,1955,3,30,2004,1,12,48
166911,Stevie Ray Vaughan,1954,10,3,1990,8,27,35
1673764,Roger Voudouris,1954,12,29,2003,8,3,48
31350781,John Walker (musician),1943,11,12,2011,5,7,67
367133,Scott Weiland,1967,10,27,2015,12,3,48
179935,Bob Welch (musician),1945,8,31,2012,6,7,66
1253793,Clarence White,1944,6,7,1973,7,14,29
1594732,Slim Whitman,1923,1,20,2013,6,19,90
33603977,Ricky Williams (musician),1956,10,4,1992,11,21,36
422678,Rozz Williams,1963,11,6,1998,4,1,34
304829,Wesley Willis,1963,5,31,2003,8,21,40
49602192,Stan Wilson (folk musician),1922,5,2,2005,6,8,83
1501359,Ali-Ollie Woodson,1951,9,12,2010,5,30,58
200591,Warren Zevon,1947,1,24,2003,9,7,56
