pageid,title,birth_y,birth_m,birth_d,death_y,death_m,death_d,death_age
14362727,Alfred Abel,1879,3,12,1937,12,12,58
8721464,Werner Abrolat,1924,8,15,1997,8,24,73
35952769,Fritz Achterberg,1880,12,2,1971,10,12,90
40000413,Wolf Ackva,1911,7,30,2000,1,16,88
19625277,Max Adalbert,1874,2,19,1933,9,7,59
5040845,Louis Adlon,1907,10,7,1947,3,31,39
1175222,Hans Albers,1891,9,22,1960,7,24,68
28991047,Fritz Alberti,1877,10,22,1954,9,15,76
34999604,Georg Alexander,1888,4,3,1945,10,30,57
35975917,Ferdinand von Alten,1885,4,13,1933,3,17,47
28827962,Axel von Ambesser,1910,6,22,1988,9,6,78
9974078,Arno Assmann,1908,7,30,1979,11,30,71
24330845,Carl Auen,1892,2,16,1972,6,23,80
22947990,Balduin Baas,1922,6,9,2006,5,22,83
13222919,Dirk Bach,1961,4,23,2012,10,1,51
40000442,Gunther Ballier,1900,10,18,1980,4,20,79
19975862,Ewald Balser,1898,10,5,1978,4,17,79
7575541,Albert Bassermann,1867,9,7,1952,3,15,84
26484773,Gustl Bayrhammer,1922,2,12,1993,4,24,71
2365324,Albrecht Becker,1906,11,14,2002,4,22,95
40000536,Paul Beckers,1878,11,1,1965,4,27,86
20927166,Peter Behrens (musician),1947,9,4,2016,5,11,68
3440764,Heinz Bennent,1921,7,18,2011,10,12,90
22981789,Martin Benrath,1926,11,9,2000,1,31,73
25557373,Ludwig Berger (director),1892,1,6,1969,5,18,77
20003395,Albert Bessler,1905,2,15,1975,12,4,70
25744457,Ulrich Bettac,1897,5,2,1959,4,20,61
31505900,Leopold Biberti,1894,9,18,1969,11,24,75
35932567,Rudolf Biebrach,1866,11,24,1938,9,5,71
37992362,Erwin Biegel,1896,3,25,1954,5,24,58
35860201,Paul Biensfeldt,1869,3,4,1933,4,2,64
19962301,Paul Bildt,1890,7,27,1967,11,25,77
20848532,Herman Bing,1889,3,30,1947,1,9,57
10929544,Willy Birgel,1891,9,19,1973,12,29,82
40000574,Horst Birr,1912,2,17,1943,10,8,31
2868601,Roy Black (singer),1943,1,25,1991,10,9,48
19394615,Hans Christian Blech,1915,2,20,1993,3,5,78
28286809,Walter Bockmayer,1948,7,4,2014,10,7,66
1694300,Karlheinz Bohm,1928,3,16,2014,5,29,86
29581853,Marquard Bohm,1941,6,27,2006,2,3,64
27452395,Herbert A.E. Bohme,1897,9,7,1984,6,29,86
4939008,Curt Bois,1901,4,5,1991,12,25,90
41550728,Wilhelm Borchert (actor),1907,3,13,1990,6,1,83
19989069,Dieter Borsche,1909,10,25,1982,8,5,72
35997530,Gustav Botz,1883,8,4,1932,9,29,49
24311666,Hans Brausewetter,1899,5,27,1945,4,29,45
28888023,Beppo Brem,1906,3,11,1990,9,5,84
6221719,Felix Bressart,1892,3,2,1949,3,17,57
28878620,Louis Brody,1892,2,15,1952,2,11,59
192115,Horst Buchholz,1933,12,4,2003,3,3,69
46427840,Bully Buhlan,1924,2,3,1982,11,7,58
23764450,Traugott Buhre,1929,6,21,2009,7,26,80
198685,Vicco von Bulow,1923,11,12,2011,8,22,87
15277695,Peter Capell,1912,9,3,1986,3,3,73
22075987,Peter Carsten,1928,4,30,2012,4,20,83
18036071,Erik Charell,1894,4,8,1974,7,15,80
3393222,Hans Clarin,1929,9,14,2005,8,28,75
24319228,Claus Clausen (actor),1899,8,15,1989,11,25,90
40000611,Volker von Collande,1913,11,21,1990,10,29,76
19668611,Paul Dahlke (actor),1904,4,12,1984,11,23,80
35892837,Gerhard Dammann,1883,3,30,1946,2,21,62
40000641,Karl Dannemann,1896,3,22,1945,5,4,49
1902003,Max Davidson,1875,5,23,1950,9,4,75
35932490,Bruno Decarli,1877,3,15,1950,3,31,73
35997609,Fritz Delius (actor),1890,9,28,1966,9,20,75
2961884,Ernst Deutsch,1890,9,16,1969,3,22,78
35912409,Wilhelm Diegelmann,1861,9,28,1934,3,1,72
21969084,Karl Ludwig Diehl,1896,8,14,1958,3,8,61
1481623,William Dieterle,1893,7,15,1972,12,9,79
29041283,Fritz Diez,1901,2,27,1979,10,19,78
2196087,Anton Diffring,1916,10,20,1989,5,19,72
29470163,Werner Dissel,1912,8,26,2003,1,22,90
28874399,Will Dohm,1897,4,8,1948,11,28,51
19962464,Friedrich Domin,1902,5,15,1961,12,18,59
19989893,Heinz Drache,1923,2,9,2002,4,3,79
19948537,Erich Dunskus,1890,7,27,1967,11,25,77
28827641,Josef Eichheim,1888,2,23,1945,11,13,57
19988832,Alexander Engel,1902,6,4,1968,7,25,66
2922129,Heinz Erhardt,1909,2,20,1979,6,5,70
24318190,Karl Etlinger,1879,10,16,1946,5,8,66
8919926,Peter van Eyck,1911,7,16,1969,7,15,57
15630245,Erwin Faber,1891,7,21,1989,5,4,97
24330779,Julius Falkenstein,1879,2,25,1933,12,9,54
81586,Rainer Werner Fassbinder,1945,5,31,1982,6,10,37
1298713,Fritz Feld,1900,10,15,1993,11,18,93
25907726,Hansjorg Felmy,1931,1,31,2007,8,24,76
40002644,Wei Ferdl,1883,6,28,1949,6,19,65
19962717,Rudolf Fernau,1898,1,7,1985,11,4,87
34086401,Hans Finohr,1891,9,5,1966,11,8,75
49668762,Adolf Fischer (actor),1900,11,18,1984,10,21,83
11594136,Helmut Fischer,1926,11,15,1997,6,14,70
33951292,Albert Florath,1886,3,10,1957,3,11,71
21131287,Walter Franck,1896,4,16,1961,8,10,65
19290238,Horst Frank,1929,5,28,1999,5,25,69
49677412,Erich Franz,1903,11,5,1961,2,10,57
23852488,Arno Frey,1900,10,11,1961,6,26,60
35891058,Gerd Frickhoffer,1913,11,21,1980,7,4,66
7137463,Willy Fritsch,1901,1,27,1973,7,13,72
313518,Gert Frobe,1913,2,25,1988,9,5,75
6959643,Gustav Frohlich,1902,3,21,1987,12,22,85
45679027,Jurgen Frohriep,1928,4,28,1993,7,13,65
4202657,Joachim Fuchsberger,1927,3,11,2014,9,11,87
20037959,Ernst Fritz Furbringer,1900,7,27,1988,10,30,88
42681903,Norbert Gastell,1929,10,15,2015,11,26,86
18515065,Otto Gebuhr,1877,5,29,1954,3,14,76
1629297,Gotz George,1938,7,23,2016,6,19,77
1983653,Heinrich George,1893,10,9,1946,9,25,52
1361315,Kurt Gerron,1897,5,11,1944,10,28,47
11031814,Erwin Geschonneck,1906,12,27,2008,3,12,101
27827446,Frank Giering,1971,11,23,2010,6,23,38
26349756,Harry Giese,1903,3,2,1991,1,20,87
29487562,Horst Giese,1926,1,31,2008,12,29,82
8804696,Walter Giller,1927,8,23,2011,12,15,84
29626684,Vadim Glowna,1941,9,26,2012,1,24,70
21008046,Friedrich Gna,1892,11,13,1958,5,8,65
28807073,Boy Gobert,1925,6,5,1986,5,30,60
36026548,Fred Goebel,1891,4,3,1964,5,16,73
19083734,Curt Goetz,1888,11,17,1960,9,12,71
14416492,Bernhard Goetzke,1884,6,5,1964,10,7,80
35029777,Alexander Golling,1905,8,2,1989,2,26,83
47287922,Christian Gollong,1901,6,24,1988,7,27,87
1144697,Walter Gotell,1924,3,15,1997,5,5,73
12067601,John Gottowt,1881,6,15,1942,8,29,61
31278776,Paul Graetz,1889,8,4,1937,2,16,47
1039995,Alexander Granach,1893,4,18,1945,3,14,51
36005989,Ernst Gronau,1887,8,21,1938,8,10,50
23012675,Wolfgang Gronebaum,1927,3,14,1998,3,16,71
49659459,Walter Gross (actor),1904,2,5,1989,5,17,85
33473705,Kurt Grokurth,1909,5,26,1975,5,29,66
19603055,Max Gulstorff,1882,3,23,1947,2,6,64
42920807,Gert Gunther Hoffmann,1929,2,21,1997,11,17,68
28086169,Michael Habeck,1944,4,23,2011,2,4,66
42639805,Hans Hinrich,1903,12,27,1974,10,20,70
44917191,Paul Hansard,1922,1,12,2013,1,28,91
1679686,Joachim Hansen (actor),1930,6,28,2007,9,13,77
24872276,Raimund Harmstorf,1939,10,7,1998,5,3,58
35997709,Paul Hartmann (actor),1889,1,8,1977,6,30,88
19602792,Clemens Hasse,1908,4,13,1959,7,28,51
33504378,Hannjo Hasse,1921,8,31,1983,2,5,61
19593608,O. E. Hasse,1903,7,11,1978,9,12,75
45671262,Karl-Heinz von Hassel,1939,2,8,2016,4,19,77
28856503,Ullrich Haupt (actor born 1887),1887,8,8,1931,8,5,43
20024520,Richard Haussler,1908,10,26,1964,9,28,55
17710885,Wolfgang Heinz (actor),1900,5,18,1984,10,30,84
28799937,Martin Held,1908,11,11,1992,1,31,83
44141167,Martin Hellberg,1905,1,31,1999,10,31,94
24319117,Paul Henckels,1885,9,9,1967,5,27,81
20017365,Jan Hendriks,1928,12,6,1991,12,17,63
33305967,Rolf Herricht,1927,10,5,1981,8,23,53
10693860,Gerard Herter,1920,2,6,2007,2,6,87
43459819,Marcel Hillaire,1908,4,23,1988,1,1,79
49660043,Max Hiller,1967,4,99,1948,12,18,-19
36005842,Heinz Hilpert,1890,3,1,1967,11,25,77
43545439,Michael Hinz,1939,12,28,2008,11,6,68
21007988,Werner Hinz,1903,1,18,1985,2,10,82
35933124,Ernst Hofmann,1890,12,7,1945,4,27,54
19976939,Claus Holm,1918,8,4,1996,9,21,78
3583327,Wilhelm von Homburg,1940,8,25,2004,3,10,63
19962590,Herbert Hubner,1889,2,6,1972,1,27,82
7873864,Paavo Hukkinen,1911,10,27,1988,6,7,76
29261615,Carl Jaffe,1902,3,21,1974,4,12,72
106405,Emil Jannings,1884,7,23,1950,1,2,65
21351464,Walter Janssen,1887,2,7,1976,1,1,88
33430201,Gunther Jerschke,1921,10,8,1997,5,6,75
19624307,Georg John,1879,7,23,1941,11,18,62
3259982,Gottfried John,1942,8,29,2014,9,1,72
20040322,Karl John (actor),1905,3,24,1977,12,22,72
309181,Curd Jurgens,1915,12,13,1982,6,18,66
49658044,Edwin Jurgensen,1898,5,24,1947,4,1,48
15418670,Willy Kaiser-Heyl,1876,8,4,1953,12,2,77
36020106,Erich Kaiser-Titz,1875,10,7,1928,11,22,53
25038407,Wolf Kaiser,1916,10,26,1992,10,22,75
30641642,Fritz Kampers,1891,7,14,1950,9,1,59
32752183,Bruno Kastner,1890,1,30,1932,6,30,42
24184788,Gunther Kaufmann,1947,6,16,2012,5,10,64
18578670,Friedrich Kayler,1874,4,7,1945,4,30,71
49718445,Joachim Kemmer,1939,9,12,2000,4,27,60
36098661,Paul Kemp (actor),1896,4,20,1953,8,13,57
40000687,Erich Kestin,1895,6,25,1969,5,22,73
5052082,Wolfgang Kieling,1924,3,16,1985,10,7,61
211233,Klaus Kinski,1926,10,18,1991,11,23,65
8550361,Rudolf Klein-Rogge,1885,11,24,1955,5,29,69
20041839,Werner Klingler,1903,10,23,1972,6,23,68
21351398,Gustav Knuth,1901,7,7,1987,2,1,85
15134886,Lee Kohlmar,1873,2,27,1946,5,14,73
19976422,Reinhard Kolldehoff,1914,4,29,1995,11,18,81
18541890,Martin Kosleck,1904,3,24,1994,1,15,89
30521593,Viktor de Kowa,1904,3,8,1973,4,8,69
36005396,Arthur Krauneck,1856,4,9,1941,4,21,85
7692369,Diether Krebs,1947,8,11,2000,1,4,52
6041812,Kurt Kreuger,1916,7,23,2006,7,12,89
35915468,Franz-Otto Kruger,1917,4,17,1988,3,17,70
41296754,Norbert Kuchinke,1940,1,1,2013,12,3,73
24342397,Friedrich Kuhne,1870,4,24,1959,10,13,89
20024291,Carl Lange (actor),1909,10,30,1999,6,23,89
42031651,Hermann Lause,1939,2,7,2005,3,28,66
35880171,Leopold von Ledebur,1876,5,18,1955,8,22,79
20026230,Stanislav Ledinek,1920,6,26,1969,3,30,48
35981301,Rudolf Lettinger,1865,10,26,1937,3,21,71
19610660,Harry Liedtke,1882,10,12,1945,4,28,62
20037563,Karl Lieffen,1926,5,17,1999,1,13,72
12347111,Albert Lieven,1906,6,22,1971,12,22,65
39994302,Kurt Lilien,1882,8,6,1943,5,28,60
19028278,Theo Lingen,1903,6,10,1978,11,10,75
11380825,Theodor Loos,1883,5,18,1954,6,27,71
28888341,Franz Loskarn,1890,5,3,1978,4,23,87
20037529,Hanns Lothar,1929,4,10,1967,3,11,37
8103738,Siegfried Lowitz,1914,9,22,1999,6,27,84
83143,Ernst Lubitsch,1892,1,28,1947,11,30,55
40000731,Gunther Luders,1905,3,5,1975,3,1,69
44596221,Alfred Maack,1882,4,5,1961,2,14,78
49714191,Gunter Mack,1930,12,12,2007,3,27,76
36018829,Hans Marr,1878,7,22,1949,3,31,70
14416520,Ferdinand Martini,1870,9,1,1930,12,23,60
40091594,Ulrich Matschoss,1917,5,16,2013,7,1,96
3968740,Ferdy Mayne,1916,3,11,1998,1,30,81
35809952,Paul Mederow,1887,6,30,1974,12,17,87
5774781,Gunter Meisner,1926,4,18,1994,12,5,68
9702543,Hannes Messemer,1924,5,19,1991,11,2,67
20038036,Harry Meyen,1924,8,31,1979,4,15,54
20040372,Hubert von Meyerinck,1896,8,23,1971,5,13,74
35870334,Hans Mierendorff,1882,6,30,1955,12,26,73
22778438,Bernhard Minetti,1905,1,26,1998,10,12,93
49677376,Hans-Peter Minetti,1926,4,21,2006,11,10,80
42614986,Hubert Moest,1877,12,3,1953,12,5,76
49658076,Heinz Moog,1908,6,28,1989,5,9,80
4806928,Ulrich Muhe,1953,6,20,2007,7,22,54
16111038,Richard Munch (actor),1916,1,10,1987,6,6,71
23672119,Max Nemetz,1886,9,7,1971,7,2,84
35991949,Wolfgang Neuss,1923,12,3,1989,5,5,65
40002236,Franz Nicklisch,1906,3,8,1975,12,6,69
20025864,Hans Nielsen (actor),1911,11,30,1965,10,11,53
46425808,Max Obal,1881,9,4,1949,5,18,67
5454218,Erik Ode,1910,11,6,1983,7,19,72
19962795,Fritz Odemar,1890,1,13,1955,6,6,65
49660354,Joseph Offenbach,1904,12,28,1971,10,15,66
15910292,Paul Otto,1878,2,8,1943,11,25,65
20016958,Hans Paetsch,1909,12,7,2002,2,3,92
13292049,Paul Panzer,1872,11,3,1958,8,16,85
19217000,Werner Peters,1918,7,7,1971,3,30,52
6942870,Ivan Petrovich,1894,1,1,1962,10,18,68
42707807,Leo Peukert,1885,8,26,1944,1,6,58
20026165,Gunter Pfitzmann,1924,4,8,2003,5,30,79
39646775,Hermann Picha,1865,3,20,1936,6,7,71
24331195,Lupu Pick,1886,1,2,1931,3,7,45
8870679,Harry Piel,1892,7,12,1963,3,27,70
49757707,Sven Pippig,1963,5,27,2013,9,25,50
31479552,Rudolf Platte,1904,2,12,1984,12,18,80
37957562,Erich Ponto,1884,12,14,1957,2,14,72
39992888,Franz Porten,1859,8,22,1932,5,21,72
22605727,Volker Prechtel,1941,8,9,1997,8,7,55
33311737,Hans-Joachim Preil,1923,6,26,1999,11,2,76
2630715,Wolfgang Preiss,1910,2,27,2002,11,27,92
37986904,Gustav Puttjer,1886,5,15,1959,8,11,73
32417626,Hans Quest,1915,8,20,1997,3,29,81
1775040,Kurt Raab,1941,7,20,1988,6,28,46
35932373,Emil Rameau,1878,8,13,1957,9,9,79
14362891,Fritz Rasp,1891,5,13,1976,11,30,85
19989187,Charles Regnier,1914,7,22,2001,9,13,87
24330722,Ernst Reicher,1885,9,19,1936,5,1,50
5201864,Frank Reicher,1875,12,2,1965,1,19,89
25840494,Wolfgang Reichmann,1932,1,7,1991,5,7,59
8353628,Heinz Reincke,1925,5,28,2011,7,13,86
49662092,Arthur Reinhardt,1893,4,17,1973,12,16,80
35953525,Eugen Rex,1884,7,8,1943,2,21,58
15434225,Ludwig Rex,1888,1,1,1979,9,29,91
20026487,Hans Richter (actor),1919,1,12,2008,10,5,89
25113349,Harry Riebauer,1921,7,4,1999,11,8,78
20028562,Walter Rilla,1894,8,22,1980,11,21,86
41877932,Otto Rippert,1869,10,22,1940,1,15,70
49659329,Willi Rose,1902,2,4,1978,6,16,76
36018082,Eduard Rothauser,1876,12,8,1956,1,24,79
49658737,Ernst Rotmund,1886,11,26,1955,3,2,68
14285353,Christian Rub,1886,4,13,1956,4,14,70
1794755,Heinz Ruhmann,1902,3,7,1994,10,3,92
2821498,Sig Ruman,1884,10,11,1967,2,14,82
43330404,Heinz Salfner,1877,12,31,1945,10,13,67
2569562,Otto Sander,1941,6,30,2013,9,12,72
40002427,Otto Sauter-Sarto,1884,4,29,1958,1,19,73
20016748,Franz Schafheitlin,1895,8,9,1980,2,6,84
40002498,Werner Scharf,1905,9,19,1945,4,30,39
49660121,Hans Hermann Schaufu,1893,7,13,1982,1,30,88
45421614,Clemens Scheitz,1899,9,2,1980,10,24,81
2795514,Bruno Schleinstein,1932,6,2,2010,8,11,78
36025559,Hans Adalbert Schlettow,1888,6,11,1945,4,30,56
28967465,Ludwig Schmid-Wildy,1896,5,3,1982,1,30,85
42871296,Ludwig Schmitz,1884,1,28,1954,6,28,70
6184892,Helmuth Schneider,1920,12,18,1972,3,17,51
8531160,Georg H. Schnell,1878,4,11,1951,3,31,72
23667505,Friedrich Schoenfelder,1916,10,17,2011,8,14,94
15418592,Robert Scholz,1886,4,23,1927,10,10,41
38487416,Erich Schonfelder,1885,4,23,1933,5,14,48
574944,Max Schreck,1879,9,6,1936,2,20,56
4511894,Ernst Schroder (actor),1915,1,27,1994,7,26,79
19948385,Carl-Heinz Schroth,1902,6,29,1989,7,19,87
31976821,Heinrich Schroth,1871,3,23,1945,1,14,73
26236845,Erik Schumann,1925,2,15,2007,2,9,81
20003223,Siegfried Schurenberg,1900,1,12,1993,8,31,93
36067051,Viktor Schwanneke,1880,2,8,1931,6,7,51
25907598,Hans Schweikart,1895,10,1,1975,12,1,80
18884130,Walter Sedlmayr,1926,1,6,1990,7,14,64
22675845,Gustav Adolf Semler,1885,3,14,1968,2,24,82
22591155,Willy Semmelrogge,1923,3,15,1984,4,10,61
14647410,Gustav von Seyffertitz,1862,8,4,1943,12,25,81
28874327,Josef Sieber,1900,4,28,1962,12,3,62
5103059,Gunther Simon,1925,5,11,1972,6,25,47
19988959,Hans Sohnker,1903,10,11,1981,4,20,77
13569926,Bert Sprotte,1870,12,9,1949,12,30,79
35881329,Ernst Stahl-Nachbaur,1886,5,13,1960,3,6,73
28806384,Herbert Stass,1919,10,7,1999,11,11,80
870212,Wolfgang Staudte,1906,10,9,1984,1,19,77
24311481,Albert Steinruck,1872,5,20,1929,2,10,56
40002594,Werner Stock,1903,10,20,1972,4,30,68
1684791,Werner Stocker (actor),1955,4,7,1993,5,27,38
8117399,Gunther Stoll,1924,8,18,1977,1,10,52
29206477,Peter Sturm,1909,8,24,1984,5,11,74
35798376,Hans Stuwe,1901,5,14,1976,5,13,74
1890582,Horst Tappert,1923,5,26,2008,12,13,85
23024713,Hilmar Thate,1931,4,17,2016,9,14,85
29592037,Ulrich Thein,1930,7,4,1995,6,21,64
47621798,Herbert Tiede,1915,3,3,1987,1,12,71
30641781,Jakob Tiedtke,1875,6,23,1960,6,30,85
21007640,Bobby Todd,1904,6,22,1980,9,7,76
25513431,Ludwig Trautmann,1885,11,22,1957,1,24,71
15328315,Otto Treler,1871,4,13,1965,4,27,94
9427228,Hans Heinrich von Twardowski,1898,5,5,1958,11,19,60
28889081,Friedrich Ulmer,1877,3,27,1952,4,26,75
21437857,Rudolf Ulrich,1922,3,1,1997,4,4,75
4093547,Karl Valentin,1882,6,4,1948,2,9,65
28444145,Frederick Valk,1895,6,10,1956,7,23,61
827777,Conrad Veidt,1893,1,22,1943,4,3,50
44626375,Gennadi Vengerov,1959,8,27,2015,4,22,55
20571030,Kurt Vespermann,1887,5,1,1957,7,13,70
41688425,Nikolas Vogel,1967,3,9,1991,6,28,24
20026582,Peter Vogel (actor),1937,3,22,1978,9,21,41
2686543,Karl Michael Vogler,1928,8,28,2009,6,9,80
7600436,Carl de Vogt,1885,9,14,1970,2,16,84
20003595,Alfred Vohrer,1914,12,29,1986,2,3,71
20039651,Kurt Waitzmann,1905,1,30,1985,5,21,80
39992935,Gustav Waldau,1871,2,27,1958,5,25,87
4832363,Gustav von Wangenheim,1895,2,18,1975,8,5,80
31081381,Lothar Warneke,1936,9,15,2005,6,5,68
39528678,Helmut Weiss,1907,1,25,1969,1,13,61
29207346,Siegfried Wei,1906,4,18,1989,10,8,83
40002700,Herbert Weibach,1901,11,12,1995,10,13,93
40004172,Heinz Wemper,1903,6,8,1985,5,15,81
40004199,Ewald Wenck,1891,12,28,1981,4,3,89
33953907,Fritz Wendhausen,1890,8,7,1962,1,5,71
18501853,Rolf Wenkhaus,1917,9,9,1942,1,31,24
49661562,Walter Werner,1883,4,11,1956,1,8,72
28826976,Paul Westermeier,1892,7,9,1972,10,17,80
6882046,Mathias Wieman,1902,6,23,1969,12,3,67
23699439,Siegfried Wischnewski,1922,4,15,1989,1,24,66
20016888,Harry Wustenhagen,1928,1,11,1999,12,11,71
8967734,Frederic Zelnik,1885,5,17,1950,11,29,65
49679125,Erich Ziegel,1876,8,26,1950,11,30,74
15278104,Ernst Ziegler,1894,4,16,1974,4,11,79
19713639,Wolfgang Zilzer,1901,1,20,1991,6,26,90
