pageid,title,birth_y,birth_m,birth_d,death_y,death_m,death_d,death_age
6226053,Beverly Aadland,1942,9,16,2010,1,5,67
2144,Aaliyah,1979,1,16,2001,8,25,22
1964878,Angela Aames,1956,2,27,1988,11,27,32
10535607,Dorothy Abbott,1920,12,16,1968,12,15,47
1111265,Jean Acker,1893,10,23,1978,8,16,84
2181436,Bettye Ackerman,1924,2,28,2006,11,1,82
923500,Acquanetta,1921,7,17,2004,8,16,83
22969941,Eadie Adams,1907,8,8,1983,3,30,75
28897167,Lillian Adams,1922,5,13,2011,5,25,89
2977152,Poni Adams,1921,8,7,2014,5,21,92
44829419,Stella Adams,1883,4,24,1961,9,17,78
13383038,Nancy Addison,1946,3,21,2002,6,18,56
1503083,Celia Adler,1889,12,6,1979,1,31,89
1502866,Sara Adler,1858,5,26,1953,4,28,94
843532,Stella Adler,1901,2,10,1992,12,21,91
1141212,Iris Adrian,1912,5,29,1994,9,17,82
8725021,Aarthi Agarwal,1984,3,5,2015,6,6,31
37683419,Peggy Ahern,1917,3,19,2012,10,24,95
16880471,Mary Ainslee,1919,10,12,1991,11,1,72
5048325,Helen Ainsworth,1901,10,10,1961,8,18,59
30092432,Maria Alba,1910,3,19,1999,10,26,89
2307484,Mabel Albertson,1901,7,24,1982,9,28,81
7094765,Mary Alden,1883,6,18,1946,7,2,63
13583490,Kay Aldridge,1917,7,9,1995,1,12,77
18700830,Katharine Alexander,1898,9,22,1981,1,10,82
3596591,Maud Allan,1873,8,27,1956,10,7,83
30071389,Gia Allemand,1983,12,20,2013,8,14,29
18384209,Barbara Jo Allen,1906,9,2,1974,9,14,68
2290433,Elizabeth Allen (actress),1929,1,25,2006,9,19,77
70014,Gracie Allen,1895,7,26,1964,8,27,69
47271720,Judith Allen,1911,2,8,1996,10,5,85
20067764,Maude Allen,1879,11,30,1956,11,7,76
12486047,Phyllis Allen,1861,11,25,1938,3,26,76
1773583,Sandy Allen,1955,6,18,2008,8,13,53
4376867,Sheila Matthews Allen,1929,2,2,2013,11,15,84
7617384,Sara Allgood,1879,10,15,1950,9,13,70
10102782,Elvia Allman,1904,9,19,1992,3,6,87
17378235,Astrid Allwyn,1905,11,27,1978,3,31,72
205966,June Allyson,1917,10,7,2006,7,8,88
13842649,Betty Amann,1905,3,10,1990,8,3,85
1079506,Adrienne Ames,1907,8,3,1947,5,31,39
23679466,Ramsay Ames,1919,3,30,1998,3,30,79
14994839,Rosemary Ames,1906,12,11,1988,4,15,81
3953010,Luana Anders,1938,5,12,1996,7,21,58
7596021,Merry Anders,1934,5,22,2012,10,28,78
2095286,Bridgette Andersen,1975,7,11,1997,5,18,21
2890002,Mary Anderson (actress born 1918),1918,4,3,2014,4,6,96
1105013,Lona Andre,1915,3,2,1992,9,18,77
3970700,Lois Andrews,1924,3,24,1968,4,5,44
23177177,Nancy Andrews (actress),1920,12,16,1989,7,29,68
30875581,Heather Angel (actress),1909,2,9,1986,12,13,77
3662436,Evelyn Ankers,1918,8,17,1985,8,29,67
5676424,Tsuru Aoki,1892,9,9,1961,10,18,69
15246579,Dorothy Appleby,1906,1,6,1990,8,9,84
34832677,Derya Arbas,1968,6,17,2003,10,22,35
10409,Eve Arden,1908,4,30,1990,11,12,82
22996523,Mary Arden (actress),1933,7,30,2014,12,13,81
19542138,Dimitra Arliss,1932,10,23,2012,1,26,79
7960184,Dorothy Arnold (actress),1917,11,21,1984,11,13,66
639564,Alexis Arquette,1969,7,28,2016,9,11,47
51629559,User:Ditch Fisher/sandbox/Alexis Arquette,1969,7,28,2016,9,11,47
217201,Bea Arthur,1922,5,13,2009,4,25,86
11137476,Indus Arthur,1941,4,28,1984,12,29,43
181316,Jean Arthur,1900,10,17,1991,6,19,90
50226788,Pat Ast,1941,10,21,2001,10,2,59
5070200,Gertrude Astor,1887,11,9,1977,11,9,90
564303,Mary Astor,1906,5,3,1987,9,25,81
27863671,Beverly Hope Atkinson,1935,12,9,2001,12,11,66
47940377,Ruth Attaway,1910,6,28,1987,9,21,77
17526038,Edith Atwater,1911,4,22,1986,3,14,74
38079187,Lenore Aubert,1918,4,18,1993,7,31,75
1847943,Eleanor Audley,1905,11,19,1991,11,25,86
34169876,Doe Avedon,1925,4,7,2011,12,23,86
25997278,Phyllis Avery,1922,11,14,2011,5,19,88
2059215,Agnes Ayres,1898,4,4,1940,12,25,42
261087,Lauren Bacall,1924,9,16,2014,8,12,89
15693474,Georgia Backus,1901,10,13,1983,9,7,81
22634986,Faith Bacon,1910,7,19,1956,9,26,46
777165,Pearl Bailey,1918,3,29,1990,8,17,72
180971,Fay Bainter,1893,12,7,1968,4,16,74
6944744,Belle Baker,1893,12,25,1957,4,29,63
24542207,Fay Baker,1917,1,31,1987,12,8,70
165697,LaVern Baker,1929,11,11,1997,3,10,67
1413565,Ina Balin,1937,11,12,1990,6,20,52
24191364,Lucille Ball,1911,8,6,1989,4,26,77
13374650,Gertrude Bambrick,1897,8,24,1974,1,10,76
206724,Anne Bancroft,1931,9,17,2005,6,6,73
43952170,Margaret Wood Bancroft,1893,7,10,1986,8,30,93
229818,Tallulah Bankhead,1902,1,31,1968,12,12,66
12106451,Joan Banks,1918,10,30,1998,1,18,79
1506078,Vilma Banky,1901,1,9,1991,3,18,90
4106353,Jill Banner,1946,11,8,1982,8,7,35
31443807,Janet Banzet,1934,5,17,1971,7,29,37
14934868,Joan Barclay,1914,8,31,2002,11,22,88
2292029,Lynn Bari,1913,12,18,1989,11,20,75
18300141,Florence Barker (actress),1891,11,22,1913,2,15,21
2336067,Binnie Barnes,1903,5,25,1998,7,27,95
423381,Etta Moten Barnett,1901,11,5,2004,1,2,102
11222545,Edith Barrett,1907,1,19,1977,2,22,70
14985612,Judith Barrett,1909,2,2,2000,3,10,91
53576,Majel Barrett,1932,2,23,2008,12,18,76
45349732,Minnette Barrett,1880,3,25,1964,6,20,84
1423387,Elaine Barrie,1915,7,16,2003,3,1,87
2854677,Wendy Barrie,1912,4,18,1978,2,2,65
4421987,Bessie Barriscale,1884,9,30,1965,6,30,80
30991792,Patricia Barry,1922,11,16,2016,10,11,93
9107897,Viola Barry,1894,3,5,1964,4,2,70
2801354,Diana Barrymore,1921,3,3,1960,1,25,38
383248,Ethel Barrymore,1879,8,15,1959,6,18,79
792295,Judith Barsi,1978,6,6,1988,7,25,10
6657995,Martine Bartlett,1925,4,24,2006,4,5,80
31793368,Laurie Bartram,1958,5,16,2007,5,25,49
2201315,Skye McCole Bartusiak,1992,9,28,2014,7,19,21
3025301,Lina Basquette,1907,4,19,1994,9,30,87
2682257,Barbara Bates,1925,8,1,1969,3,18,43
7409363,Blanche Bates,1873,8,25,1941,12,25,68
14923993,Florence Bates,1888,4,15,1954,1,31,65
3172980,Jeanne Bates,1918,3,21,2007,11,28,89
33934077,Simone Battle,1989,6,17,2014,9,5,25
1002510,Frances Bavier,1902,12,14,1989,12,6,86
187081,Anne Baxter,1923,5,7,1985,12,12,62
3434494,Frances Bay,1919,1,23,2011,9,15,92
7769667,Brigid Bazlen,1944,6,9,1989,5,25,44
26283504,Carlena Beard,1929,3,19,1972,2,23,42
1482546,Louise Beavers,1902,3,8,1962,10,26,60
8642974,Barbara Bedford (actress),1903,7,19,1981,10,25,78
31945138,Janet Beecher,1884,10,21,1955,8,6,70
43707804,Francine Beers,1924,11,26,2014,3,27,89
2485978,Pati Behrs,1922,2,13,2004,7,4,82
2736686,Barbara Bel Geddes,1922,10,31,2005,8,8,82
9555764,Doris Belack,1926,2,26,2011,10,4,85
429949,Madge Bellamy,1899,6,30,1990,1,24,90
14782131,Virginia Belmont,1921,9,20,2014,5,6,92
3772117,Brenda Benet,1945,8,14,1982,4,7,36
9648405,Elsa Benham,1908,11,20,1995,4,20,86
7449176,Grace Benham,1876,6,25,1968,11,19,92
14732327,Alma Bennett,1904,4,9,1958,9,16,54
14555068,Barbara Bennett,1906,8,13,1958,8,8,51
13725487,Billie Bennett,1874,10,23,1951,5,19,76
569370,Constance Bennett,1904,10,22,1965,7,24,60
530365,Joan Bennett,1910,2,27,1990,12,7,80
29888085,Leila Bennett,1892,11,17,1965,1,5,72
5111509,Lucille Benson,1914,7,17,1984,2,17,69
4182,Berry Berenson,1948,4,14,2001,9,11,53
430024,Gertrude Berg,1899,10,3,1966,9,14,66
7208484,Frances Bergen,1922,9,14,2006,10,2,84
246280,Polly Bergen,1930,7,14,2014,9,20,84
42990720,Anna Berger (actress),1922,7,26,2014,5,26,91
6770734,Ouida Bergere,1886,12,14,1974,11,29,87
41562,Ingrid Bergman,1915,8,29,1982,8,29,67
13329364,Dorothy Bernard,1890,7,25,1955,12,14,65
13577734,Sara Berner,1912,1,12,1969,12,19,57
11361063,Peggy Bernier,1907,3,19,2001,3,5,93
261011,Marcheline Bertrand,1950,5,9,2007,1,27,56
1303154,Bibi Besch,1942,2,1,1996,9,7,54
7396972,Eugenie Besserer,1868,12,25,1934,5,28,65
13125971,Rolly Bester,1917,12,17,1984,1,12,66
1240884,Zina Bethune,1945,2,17,2012,2,12,66
983771,Barbara Billingsley,1915,12,22,2010,10,16,94
7016473,Francelia Billington,1895,2,1,1934,11,24,39
4422489,Constance Binney,1896,6,28,1989,11,15,93
2407766,Billie Bird,1908,2,28,2002,11,27,94
14873895,Laurie Bird,1952,9,26,1979,6,15,26
36021538,Tracey Birdsall,1963,7,6,1944,2,22,-20
10687309,Tala Birell,1907,9,10,1958,2,17,50
8180011,Julie Bishop (actress),1914,8,30,2001,8,30,87
154144,Karen Black,1939,7,1,2013,8,8,74
3267419,Vivian Blaine,1921,11,21,1995,12,9,74
4331135,Betsy Blair,1923,12,11,2009,3,13,85
9619211,Janet Blair,1921,4,23,2007,2,19,85
16757797,Patricia Blair,1933,1,15,2013,9,9,80
759280,Amanda Blake,1929,2,20,1989,8,16,60
45005785,Gladys Blake,1910,1,12,1983,5,21,73
1111596,Madge Blake,1899,5,31,1969,2,19,69
12734599,Pamela Blake,1915,8,6,2009,10,6,94
3237982,Whitney Blake,1926,2,20,2002,9,28,76
27341967,Olive Blakeney,1899,8,21,1959,10,21,60
1671792,Clara Blandick,1876,6,4,1962,4,15,85
2141375,Sally Blane,1910,7,11,1997,8,27,87
42716881,Lela Bliss,1896,5,11,1980,5,15,84
2138085,Lucille Bliss,1916,3,31,2012,11,8,96
25239647,Gloria Blondell,1910,8,16,1986,3,25,75
244831,Joan Blondell,1906,8,30,1979,12,25,73
11398793,Adele Blood,1886,4,23,1936,9,13,50
3722526,Lisa Blount,1957,7,1,2010,10,27,53
18544471,Maggie Blye,1942,10,24,2016,3,24,73
4418103,Betty Blythe,1893,9,1,1972,4,7,78
998517,Eleanor Boardman,1898,8,19,1991,12,12,93
4423907,Mary Boland,1882,1,28,1965,6,23,83
1160050,Beulah Bondi,1889,5,3,1981,1,11,91
13180857,Symona Boniface,1894,3,5,1950,9,2,56
24207884,Priscilla Bonner,1899,2,17,1996,2,21,97
2844500,Edwina Booth,1904,9,13,1991,5,18,86
187098,Shirley Booth,1898,8,30,1992,10,16,94
14928475,Nanette Bordeaux,1911,4,3,1956,9,20,45
31509499,Lynn Borden,1937,3,24,2015,3,3,77
2847217,Olive Borden,1906,7,14,1947,10,1,41
3785860,Irene Bordoni,1885,1,16,1953,3,19,68
9177785,Veda Ann Borg,1915,1,11,1973,8,16,58
11159664,Carroll Borland,1914,2,25,1994,2,3,79
2330096,Julie Bovasso,1930,8,1,1991,9,14,61
106000,Clara Bow,1905,7,29,1965,9,27,60
2424095,Dorris Bowdon,1914,12,27,2005,8,9,90
15001021,Helen Boyce,1918,9,24,1997,2,27,78
27357717,Phyllis Hodges Boyce,1936,7,24,2010,5,12,73
14903590,Betty Boyd,1908,5,11,1971,9,16,63
14419508,Reizl Bozyk,1914,5,13,1993,9,30,79
28482622,Grace Bradley,1913,9,21,2010,9,21,97
189229,Alice Brady,1892,11,2,1939,10,28,46
3105469,Phoebe Brand,1907,11,27,2004,7,3,96
3274639,Jocelyn Brando,1919,11,18,2005,11,27,86
938523,Laura Branigan,1957,7,3,2004,8,26,47
40264940,Olive Brasno,1917,10,17,1998,1,25,80
27360590,Helen Bray,1889,11,25,1990,10,15,100
1108087,Lucille Bremer,1917,2,21,1996,4,16,79
1610383,Eileen Brennan,1932,9,3,2013,7,28,80
5836209,Eve Brent,1929,9,11,2011,8,27,81
923307,Evelyn Brent,1901,10,20,1975,6,4,73
17038284,Patricia Breslin,1931,3,17,2011,10,12,80
39554151,June Brewster,1913,8,13,1995,11,2,82
2677117,Mary Brian,1906,2,17,2002,12,30,96
948111,Angelica Bridges,1970,11,20,1970,11,20,0
22541880,Dorothy Bridges,1915,9,19,2009,2,16,93
31585555,Virginia Brissac,1883,6,11,1979,7,26,96
2980418,Barbara Britton,1919,9,26,1980,1,17,60
30312943,Mozelle Britton,1912,5,12,1954,5,18,42
2247305,Pamela Britton,1923,3,19,1974,6,17,51
2930946,Helen Broderick,1891,8,11,1959,9,25,68
13877389,Ann Brody,1884,8,29,1944,7,16,59
28387862,Estelle Brody,1900,8,15,1995,6,3,94
12533170,Sheila Bromley,1911,10,31,2003,7,23,91
2827698,Betty Bronson,1906,11,17,1971,10,19,64
2460550,Hillary Brooke,1914,9,8,1999,5,25,84
5158248,Jacqueline Brookes,1930,7,24,2013,4,26,82
4414673,Geraldine Brooks (actress),1925,10,29,1977,6,19,51
16093869,Hazel Brooks,1924,9,8,2002,9,18,78
2317280,Jean Brooks,1916,12,23,1963,11,25,46
31311489,Leslie Brooks,1922,7,13,2011,7,1,88
187904,Louise Brooks,1906,11,14,1985,8,8,78
11863952,Phyllis Brooks,1915,7,18,1995,8,1,80
4620736,Virginia Brown Faire,1904,6,26,1980,6,30,76
47433227,Barbara Brown (American actress),1901,10,18,1975,7,7,73
29018827,Marilyn Brown (actress),1953,3,9,1997,7,22,44
1374864,Vanessa Brown,1928,3,24,1999,5,21,71
1932507,Coral Browne,1913,7,23,1991,5,29,77
12850106,Kathie Browne,1930,9,19,2003,4,8,72
12515150,Lucile Browne,1907,3,18,1976,5,10,69
14628635,Reno Browne,1991,5,15,1921,4,21,-71
5375027,Susan Browning,1941,2,25,2006,4,23,65
8476190,Carol Bruce,1919,11,15,2007,10,9,87
868762,Virginia Bruce,1910,9,28,1982,2,24,71
7409316,Fritzi Brunette,1890,5,27,1943,9,28,53
9082177,Jane Bryan,1918,6,11,2009,4,8,90
17490164,Nana Bryant,1888,11,23,1955,12,24,67
5216005,Pamela Bryant,1959,2,8,2010,12,4,51
17729657,Claudia Bryar,1918,5,18,2011,6,16,93
13234650,Winifred Bryson,1892,12,20,1987,8,20,94
18510524,Betty Burbridge,1895,12,7,1987,9,19,91
12102404,Dorothy Burgess,1907,3,4,1961,8,21,54
487473,Billie Burke,1884,8,7,1970,5,14,85
5481744,Kathleen Burke,1913,9,5,1980,4,9,66
13181580,Bartine Burkett,1898,2,9,1994,5,20,96
720851,Marilyn Burns,1949,7,5,2014,8,5,65
12532780,Marion Burns,1907,8,9,1993,12,22,86
51286713,Fritzi Burr,1924,5,24,2003,1,17,78
1243567,Janet Burston,1935,1,11,1998,3,3,63
7270714,Charlotte Burton,1881,5,30,1942,3,28,60
29006914,Anita Bush,1883,8,1,1974,2,16,90
7558407,Pauline Bush (actress),1886,5,22,1969,11,1,83
2403753,Spring Byington,1886,10,17,1971,9,7,84
13460647,Jean Byron,1925,12,10,2006,2,3,80
1902090,Marion Byron,1911,3,16,1985,7,5,74
1268102,Susan Cabot,1927,7,9,1986,12,10,59
2336088,Jeanne Cagney,1919,3,25,1984,12,7,65
34822762,Sally Cairns,1919,12,7,1965,2,9,45
4424296,Alice Calhoun,1900,11,21,1966,6,3,65
5721224,Corinne Calvet,1925,4,30,2001,6,23,76
4462318,Margaret Campbell,1883,4,24,1939,6,27,56
1720079,Mary Grace Canfield,1924,9,3,2014,2,15,89
9997178,Virginia Capers,1925,9,22,2004,5,6,78
13271870,Ahna Capri,1944,7,6,2010,8,19,66
2684857,June Caprice,1895,11,19,1936,11,9,40
18846459,Ora Carew,1893,8,13,1955,10,26,62
2557184,Olive Carey,1896,1,31,1988,3,13,92
701743,Kitty Carlisle,1910,9,3,2007,4,17,96
14892405,Jean Carmen,1913,4,7,1993,8,26,80
14892467,Jeanne Carmen,1930,8,4,2007,12,20,77
20620255,Jewel Carmen,1897,7,13,1984,3,4,86
2591808,Sue Carol,1906,10,30,1982,2,4,75
20448166,Constance Carpenter,1904,4,19,1992,12,26,88
7354898,Jeanne Carpenter,1916,2,1,1994,1,5,77
4726961,Thelma Carpenter,1922,1,15,1997,5,14,75
3097536,Charmian Carr,1942,12,27,2016,9,17,73
13128702,Mary Carr,1874,3,14,1973,6,24,99
9044425,Regina Carrol,1943,5,2,1992,11,4,49
3964535,Georgia Carroll,1919,11,18,2011,1,14,91
35935508,Janet Carroll,1940,12,24,2012,5,22,71
175020,Nancy Carroll,1903,11,19,1965,8,6,61
23822383,Virginia Carroll,1913,12,2,2009,7,23,95
3101130,Jean Carson,1923,2,28,2005,11,2,82
3335758,Ann Carter,1936,6,16,2014,1,27,77
684769,Dixie Carter,1939,5,25,2010,4,10,70
7423057,Helena Carter,1923,8,24,2000,1,11,76
3770842,Janis Carter,1913,10,10,1994,7,30,80
682290,Lynda Carter,1951,7,24,2016,7,25,65
173519,Nell Carter,1948,9,13,2003,1,23,54
878140,Lynn Cartwright,1927,2,27,2004,1,2,76
14050407,Lynne Carver,1916,9,13,1955,8,12,38
41076980,Mary Carver,1924,5,3,2013,10,18,89
1852196,Adriana Caselotti,1916,5,6,1997,1,18,80
827624,Rosalind Cash,1938,12,31,1995,10,31,56
22012279,Barbara Cason,1928,11,15,1990,6,18,61
3922855,Katherine Cassavetes,1906,6,24,1983,3,29,76
5880784,Movita Castaneda,1916,4,12,2015,2,12,98
9406115,Gloria Castillo,1933,3,3,1978,10,24,45
23477271,Mary Castle,1931,1,22,1998,4,29,67
2242004,Peggie Castle,1927,12,22,1973,8,11,45
8337426,Barbara Castleton,1894,9,14,1978,12,23,84
2698152,Joan Caulfield,1922,6,1,1991,6,18,69
959837,Christine Cavanaugh,1963,8,16,2014,12,22,51
7726288,Elise Cavanna,1902,1,30,1963,5,12,61
46776376,Nora Cecil,1878,9,26,1951,5,1,72
14927324,Connie Cezon,1925,3,28,2004,2,26,78
7256012,Helene Chadwick,1897,11,25,1940,9,4,42
2948988,Lee Chamberlin,1938,2,14,2014,5,25,76
39554272,Shirley Chambers,1913,12,20,2011,9,11,97
1171685,Helen Chandler,1906,2,1,1965,4,30,59
17870819,Joan Chandler,1923,8,24,1979,5,11,55
6371798,Edythe Chapman,1863,10,8,1948,10,15,85
3855143,Marguerite Chapman,1918,3,9,1999,8,31,81
767745,Cyd Charisse,1922,3,8,2008,6,17,86
22749579,Annette Charles,1948,3,5,2011,8,3,63
5710265,Ilka Chase,1900,4,8,1978,2,15,77
12944318,Lucia Chase,1897,3,24,1986,1,9,88
172011,Ruth Chatterton,1892,12,24,1961,11,24,68
2560631,Lilyan Chauvin,1925,8,6,2008,6,26,82
3854253,Virginia Cherrill,1908,4,12,1996,11,14,88
23399509,Carol Christensen,1937,9,14,2005,6,4,67
2336454,Linda Christian,1923,11,13,2011,7,22,87
2174081,Virginia Christine,1920,3,5,1996,7,26,76
36722115,Kay Christopher,1926,6,3,2012,6,18,86
9329375,Ann Christy,1905,5,31,1987,11,14,82
15722859,Dorothy Christy,1906,5,26,1977,5,21,70
24178236,Babz Chula,1946,3,22,2010,5,7,64
6146967,Marguerite Churchill,1910,12,25,2000,1,9,89
5018814,Ethlyne Clair,1904,11,23,1996,2,27,91
5566833,Ina Claire,1893,10,15,1985,2,21,91
9711003,Mamo Clark,1914,12,6,1986,12,18,72
2825391,Marguerite Clark,1883,2,22,1940,9,25,57
18421326,Betty Ross Clarke,1892,5,1,1970,1,24,77
7033,Caitlin Clarke,1952,5,3,2004,9,9,52
2565361,Mae Clarke,1910,8,16,1992,4,29,81
178895,Lana Clarkson,1962,4,5,2003,2,3,40
1403895,Juanin Clay,1949,11,26,1995,3,12,45
225561,Jill Clayburgh,1944,4,30,2010,11,5,66
5710361,Ethel Clayton,1882,11,8,1966,6,6,83
13568733,Marguerite Clayton,1891,4,12,1968,12,20,77
47278740,June Clayworth,1912,6,9,1993,1,1,80
4072502,Patience Cleveland,1931,5,23,2004,5,27,73
12984736,Ruth Clifford,1900,2,17,1998,11,30,98
64837,Rosemary Clooney,1928,5,23,2002,6,29,74
46991433,Inez Clough,1873,3,1,1933,11,23,60
9874600,Joyce Coad,1917,4,14,1987,5,3,70
28109968,Buff Cobb,1927,10,19,2010,7,12,82
603453,Imogene Coca,1908,11,18,2001,6,2,92
14187730,Winifred Deforest Coffin,1911,10,16,1986,12,18,75
61350,Claudette Colbert,1903,9,13,1996,7,30,92
2569029,Anita Colby,1914,8,5,1992,3,27,77
11036403,Barbara Colby,1939,7,2,1975,7,24,36
22906114,Carole Cole,1944,10,17,2009,5,19,64
423882,Natalie Cole,1950,2,6,2015,12,31,65
47978770,Jenn Colella,1974,9,22,1974,9,22,0
3792058,Nancy Coleman,1912,12,30,2000,1,18,87
43405894,Beatrice Colen,1948,1,10,1999,11,18,51
49890186,Mildred Coles (actress),1920,7,18,1995,8,31,75
2295317,Lois Collier,1919,3,21,1999,10,27,80
2403959,Patricia Collinge,1892,9,20,1974,4,10,81
17746341,Roberta Collins,1944,11,17,2008,8,16,63
14836990,June Collyer,1906,8,19,1968,3,16,61
4421977,Dorothy Comingore,1913,8,24,1971,12,30,58
172023,Betty Compson,1897,3,19,1974,4,18,77
5745770,Betty Compton,1904,5,13,1944,7,12,40
3792182,Joyce Compton,1907,1,27,1997,10,13,90
20807283,Juliette Compton,1899,5,3,1989,3,19,89
7016697,Jane Connell,1925,10,27,2013,9,22,87
10623500,Peggy Connelly,1931,9,25,2007,6,11,75
50118476,Norma Connolly,1927,8,27,1998,11,18,71
22439240,Maxine Cooper,1924,5,12,2009,4,4,84
1796361,Jeanne Cooper,1928,10,25,2013,5,8,84
6369375,Miriam Cooper,1891,11,7,1976,4,12,84
21748113,Veronica Cooper,1913,5,27,2000,2,16,86
6271059,Virginia Lee Corbin,1910,12,5,1942,6,5,31
1491309,Ellen Corby,1911,6,3,1999,4,14,87
15628196,Noreen Corcoran,1943,10,20,2016,1,15,72
31677044,Rita Corday,1920,10,20,1992,11,23,72
14661049,Cathleen Cordell,1915,5,21,1997,8,19,82
4239672,Ann Corio,1909,11,29,1999,3,1,89
41665055,Tara Correa-McMullen,1989,5,24,2005,10,21,16
2821032,Aneta Corsaut,1933,11,3,1995,11,6,62
998585,Dolores Costello,1903,9,17,1979,3,1,75
2336167,Helene Costello,1906,6,21,1957,1,26,50
16063834,Mae Costello,1882,8,13,1929,8,2,46
1040489,Catherine E. Coulson,1943,10,22,2015,9,28,71
42575277,Geraldine Court,1942,7,28,2010,11,20,68
6332289,Inez Courtney,1908,3,12,1975,4,5,67
2706519,Marguerite Courtot,1897,8,20,1986,5,28,88
2572540,Jane Cowl,1883,12,14,1950,6,22,66
32579022,Carolyn Craig,1934,11,7,1970,12,12,36
748577,Yvonne Craig,1937,5,16,2015,8,17,78
183832,Jeanne Crain,1925,5,25,2003,12,14,78
13817793,Norma Crane,1928,11,10,1973,9,28,44
5747478,Laura Hope Crews,1879,12,12,1942,11,12,62
1874734,Mary Jane Croft,1916,2,15,1999,8,24,83
25923902,Henrietta Crosman,1861,9,2,1944,10,31,83
9485615,Sally Crute,1886,6,27,1971,8,12,85
868974,Zara Cully,1892,1,26,1978,2,28,86
2849122,Constance Cummings,1910,5,15,2005,11,23,95
2727369,Grace Cunard,1893,4,8,1967,1,19,73
15338675,Cecil Cunningham,1888,8,2,1959,4,17,70
15674946,Sarah Cunningham (actress),1918,9,8,1986,3,24,67
8856955,Pauline Curley,1903,12,19,2000,12,11,96
14862556,Louise Currie,1913,4,7,2013,9,8,100
658150,Jackie Curtis,1947,2,19,1985,5,15,38
5668672,Augusta Dabney,1918,10,23,2008,2,4,89
9488236,Dagmar Dahlgren,1880,1,17,1951,10,20,71
1555470,Irene Dailey,1920,9,12,2008,9,24,88
21299585,Esther Dale,1885,11,10,1961,7,23,75
24059510,Margaret Dale (actress),1876,3,6,1972,3,23,96
1164474,Virginia Dale,1917,7,1,1994,10,3,77
6755699,Cass Daley,1915,7,17,1975,3,22,59
6259544,Dorothy Dalton,1893,9,22,1972,4,13,78
14849439,Blyth Daly,1901,12,5,1965,10,16,63
1408358,Candice Daly,1966,1,4,2004,12,14,38
670076,Lili Damita,1904,7,10,1994,3,21,89
1186480,Cathryn Damon,1930,9,11,1987,5,4,56
4537871,Muriel Frances Dana,1916,10,14,1997,8,25,80
17541921,Leora Dana,1923,4,1,1983,12,13,60
998507,Viola Dana,1897,6,26,1987,7,3,90
187645,Dorothy Dandridge,1922,10,8,1965,9,8,42
4210688,Ruby Dandridge,1900,3,3,1987,10,17,87
12719439,Vivian Dandridge,1921,4,22,1991,10,26,70
8669551,Patricia Dane,1919,8,4,1995,6,5,75
352424,Bebe Daniels,1901,1,14,1971,3,16,70
8921149,Denise Darcel,1924,9,8,2011,12,23,87
14782695,Sheila Darcy,1914,8,8,2004,2,24,89
27522794,Dorothy Dare,1911,8,6,1981,10,4,70
2715569,Mona Darkfeather,1883,1,13,1977,9,3,94
1134140,Darlene Conley,1934,7,18,2007,1,14,72
1972218,Candy Darling,1944,11,24,1974,3,21,29
6003911,Grace Darmond,1893,11,20,1963,10,8,69
460516,Linda Darnell,1923,10,16,1965,4,10,41
3447017,Bella Darvi,1928,10,23,1971,9,11,42
765962,Jane Darwell,1879,10,15,1967,8,13,87
15448983,Carrie Daumery,1863,3,25,1938,7,1,75
13062061,Alice Davenport,1864,2,29,1936,6,24,72
3968606,Dorothy Davenport,1895,3,13,1977,10,12,82
219357,Marion Davies,1897,1,3,1961,9,22,64
3641299,Ann B. Davis,1926,5,5,2014,6,1,88
63517,Bette Davis,1908,4,5,1989,10,6,81
23913116,Edith Luckett Davis,1888,7,16,1987,10,26,99
1687529,Gail Davis,1925,10,5,1997,3,15,71
2337178,Joan Davis,1912,6,29,1961,5,22,48
31753431,Mia Amber Davis,1974,7,25,2011,5,10,36
351880,Mildred Davis,1901,2,22,1969,8,18,68
6594512,Phyllis Davis,1940,7,17,2013,9,27,73
9434379,Yola d'Avril,1907,4,8,1984,3,2,76
14616684,Marjorie Daw (actress),1902,1,19,1979,3,18,77
17263325,Marpessa Dawn,1934,1,3,2008,8,25,74
8096880,Dana Dawson,1974,8,7,2010,8,10,36
619622,Alice Day,1905,11,7,1995,5,25,89
3694547,Frances Day,1908,12,16,1984,4,29,75
2901539,Laraine Day,1920,10,13,2007,11,10,87
5029966,Marceline Day,1908,4,24,2000,2,16,91
30720132,Shannon Day,1896,8,5,1977,2,24,80
4910160,Marguerite De La Motte,1902,6,2,1950,3,10,47
8607998,Rubye De Remer,1892,1,9,1984,3,17,92
47312834,JoAnn Dean Killingsworth,1923,9,23,2015,6,20,91
26010730,Julia Dean (actress),1878,5,13,1952,10,17,74
4617147,Priscilla Dean,1896,11,25,1987,12,27,91
21738099,Quentin Dean,1944,7,27,2003,5,9,58
24950760,Marjorie Deanne,1917,1,28,1994,5,21,77
2255460,Rosemary DeCamp,1910,11,14,2001,2,20,90
695909,Yvonne De Carlo,1922,9,1,2007,1,8,84
526867,Frances Dee,1909,11,26,2004,3,6,94
1296302,Ruby Dee,1922,10,27,2014,6,11,91
594010,Sandra Dee,1942,4,23,2005,2,20,62
4164702,Olive Deering,1918,10,11,1986,3,22,67
30277295,Mary Dees,1911,6,3,2004,8,4,93
5032222,Annette DeFoe,1890,1,21,1960,8,2,70
25119449,Flora Parker DeHaven,1883,9,1,1950,9,9,67
1373821,Gloria DeHaven,1925,7,23,2016,7,30,91
1595248,Nicole DeHuff,1975,1,6,2005,2,16,30
564424,Dolores del Rio,1904,8,3,1983,4,11,78
5668488,Claudia Dell,1910,1,10,1977,9,5,67
1098704,Dorothy Dell,1915,1,30,1934,6,8,19
36976727,Myrna Dell,1924,3,5,2011,2,11,86
7932801,Constance Adams DeMille,1874,4,27,1960,7,17,86
9807626,Katherine DeMille,1911,6,29,1995,4,27,83
4552924,Carol Dempster,1901,12,9,1991,2,1,89
3613792,Nora Denney,1927,3,9,2005,11,20,78
766814,Sandy Dennis,1937,4,27,1992,3,2,54
184631,Maya Deren,1917,4,29,1961,10,13,44
28955766,Lucy DeVito,1983,3,11,1983,3,11,0
36349436,Laura Devon,1931,5,23,2007,7,19,76
4620126,Dorothy Devore,1899,6,22,1976,9,10,77
673359,Colleen Dewhurst,1924,6,3,1991,8,22,67
26607829,Edith Diaz,1949,10,23,2009,12,19,60
4452336,Gloria Dickson,1917,8,13,1945,4,10,27
145325,Marlene Dietrich,1901,12,27,1992,5,6,90
345491,Phyllis Diller,1917,7,17,2012,8,20,95
16655004,Josephine Dillon,1884,1,26,1971,11,11,87
3170289,Karen Dior,1967,2,14,2004,8,25,37
7197518,Jean Dixon,1896,7,14,1981,2,12,84
2325016,Joan Dixon,1930,6,6,1992,2,20,61
3642823,Tamara Dobson,1947,5,14,2006,10,2,59
2704913,Claire Dodd,1911,12,29,1973,11,23,61
1918590,Molly Dodd,1921,11,11,1981,3,26,59
7479425,Anna Dodge,1867,10,18,1945,5,4,77
2697408,Dolly Sisters,1892,10,25,1970,2,1,77
13415382,Jeff Donnell,1921,7,10,1988,4,11,66
16154829,Ruth Donnelly,1896,5,17,1982,11,17,86
1268524,Ann Doran,1911,7,28,2000,9,19,89
44611083,Mary Doran,1910,9,8,1995,9,6,84
47124242,Adrienne Dore,1910,5,23,1992,11,26,82
184463,Fifi D'Orsay,1904,4,16,1983,12,2,79
32960118,Catherine Doucet,1875,6,20,1958,6,24,83
1013495,Donna Douglas,1932,9,26,2015,1,1,82
382953,Helen Gahagan Douglas,1900,11,25,1980,6,28,79
3667171,Dovima,1927,12,11,1990,5,31,62
6063680,Ellen Albertini Dow,1913,11,16,2015,5,4,101
10498822,Nancy Dow,1936,7,22,2016,5,25,79
3438073,Constance Dowling,1920,7,21,1969,10,28,49
7461333,Doris Dowling,1923,5,15,2004,6,18,81
1148910,Cathy Downs,1924,3,3,1976,12,8,52
22076082,Maxine Doyle,1915,1,1,1973,5,7,58
2594782,Betsy Drake,1923,9,11,2015,10,27,92
20358992,Dona Drake,1914,11,15,1989,6,20,74
6752647,Frances Drake,1912,10,22,2000,1,18,87
171985,Louise Dresser,1879,10,17,1965,4,24,85
177739,Marie Dressler,1868,11,9,1934,7,28,65
3448405,Ellen Drew,1915,11,23,2003,12,3,88
1289423,Joanne Dru,1922,1,31,1996,9,10,74
13490604,Claire Du Brey,1892,8,31,1993,8,1,100
21746992,Ruth Duccini,1918,7,23,2014,1,16,95
5332173,Isabelle Collin Dufresne,1935,9,6,2014,6,14,78
575345,Patty Duke,1946,12,14,2016,3,29,69
467628,Margaret Dumont,1882,10,20,1965,3,6,82
7078657,Helen Dunbar,1863,10,10,1933,8,28,69
20271380,Mary Duncan,1895,8,13,1993,5,9,97
3237435,Pamela Duncan (actress),1924,12,28,2005,11,11,80
1116555,Katherine Dunham,1909,6,22,2006,5,21,96
14837197,Josephine Dunn,1906,5,1,1983,2,3,76
477067,Dominique Dunne,1959,11,23,1982,11,4,22
177745,Irene Dunne,1898,12,20,1990,9,4,91
1298761,Mildred Dunnock,1901,1,25,1991,7,5,90
17382827,Arletta Duncan,1914,12,12,1985,10,28,70
23403954,Minnie Dupree,1875,1,19,1947,5,23,72
9111572,Minta Durfee,1889,10,1,1975,9,9,85
698137,Ann Dvorak,1911,8,2,1979,12,10,68
13080138,Dorothy Dwan,1906,4,26,1981,3,17,74
172029,Jeanne Eagels,1890,6,26,1929,10,3,39
1192159,Daisy Earles,1907,4,29,1980,3,15,72
29720707,Margaret Early,1919,12,25,2000,11,29,80
34345270,Marjorie Eaton,1901,2,5,1986,4,21,85
4913927,Mary Eaton,1901,1,29,1948,10,10,47
7674034,Pearl Eaton,1898,8,1,1958,9,10,60
33274458,Norma Eberhardt,1929,7,8,2011,9,16,82
17829895,Nora Eddington,1924,2,25,2001,4,10,77
6946682,Helen Jerome Eddy,1897,2,25,1990,1,27,92
1740599,Paddi Edwards,1931,12,9,1999,10,18,67
2523275,Ronnie Claire Edwards,1933,2,9,2016,6,14,83
47023916,Sarah Edwards (actress),1881,10,11,1965,1,7,83
12364386,Marta Eggerth,1912,4,17,2013,12,26,101
8716684,Sally Eilers,1908,12,11,1978,1,5,69
1064337,Florence Eldridge,1901,9,5,1988,8,1,86
7259516,Marie Eline,1902,2,27,1981,1,3,78
277524,Cass Elliot,1941,9,19,1974,7,29,32
1344993,Patricia Elliott,1938,7,21,2015,12,20,77
9874279,Diane Ellis,1909,12,20,1930,12,15,20
14836648,Patricia Ellis,1916,5,20,1970,3,26,53
39506286,Effie Ellsler,1855,9,17,1942,10,8,87
9233716,June Elvidge,1903,6,30,1965,5,1,61
2278099,Faye Emerson,1917,7,8,1983,3,9,65
1515371,Hope Emerson,1897,10,30,1960,4,24,62
12515458,Fern Emmett,1896,3,22,1946,9,3,50
9404523,Marla English,1935,1,4,2012,12,10,77
47091890,Estelle Etterre,1899,7,26,1996,3,7,96
1495782,Ruth Etting,1897,11,23,1978,9,24,80
507789,Dale Evans,1912,10,31,2001,2,7,88
3777596,Estelle Evans,1906,10,1,1985,7,20,78
3792585,Madge Evans,1909,7,1,1981,4,26,71
12533352,Muriel Evans,1910,7,20,2000,10,26,90
30120185,Edith Evanson,1896,4,28,1980,11,29,84
12947479,Judith Evelyn,1909,3,20,1967,5,7,58
14951768,Bessie Eyton,1890,7,5,1965,1,22,74
26285683,Myrna Fahey,1933,3,12,1973,5,6,40
4562061,Elinor Fair,1903,12,21,1957,4,26,53
45117574,Lucile Fairbanks,1917,10,18,1999,11,14,82
45677644,June Fairchild,1946,9,3,2015,2,17,68
2569281,Jinx Falkenburg,1919,1,21,2003,8,27,84
13218152,Dot Farley,1881,2,6,1971,5,2,90
441735,Frances Farmer,1913,9,19,1970,8,1,56
43945698,Patricia Farr,1913,1,15,1948,2,23,35
305481,Geraldine Farrar,1882,2,28,1967,3,11,85
698578,Glenda Farrell,1904,6,30,1971,5,1,66
45019612,Betty Farrington,1898,5,14,1989,2,3,90
235959,Farrah Fawcett,1947,2,2,2009,6,25,62
705487,Dorothy Fay,1915,4,4,2003,11,5,88
685908,Alice Faye,1915,5,5,1998,5,9,83
4400174,Julia Faye,1892,9,24,1966,4,6,73
4572105,Louise Fazenda,1895,6,17,1962,4,17,66
3843368,Maude Fealy,1883,3,4,1971,11,9,88
7229230,Peggy Fears,1903,6,1,1994,8,24,91
554136,Andrea Feldman,1948,4,1,1972,8,8,24
31647077,Edith Fellows,1923,5,20,2011,6,26,88
2070570,Verna Felton,1890,7,20,1966,12,14,76
10408143,Irene Fenwick,1887,9,5,1936,12,24,49
1064920,Elsie Ferguson,1883,8,19,1961,11,15,78
4607555,Helen Ferguson,1901,7,23,1977,3,14,75
44518495,Peggy Feury,1924,6,30,1985,11,20,61
1397423,Mary Fickett,1928,5,23,2011,9,8,83
520824,Betty Field,1913,2,8,1973,9,13,60
26044951,Margaret Field,1922,5,10,2011,11,6,89
29146134,Mary Field,1909,6,10,1996,6,12,87
31147898,Sylvia Field,1901,2,28,1998,7,31,97
37923675,Bonnie Lynn Fields,1944,6,8,2012,11,17,68
14748734,Evelyn Finley,1916,3,11,1989,4,7,73
44478376,Lila Finn,1909,11,28,1996,11,15,86
6734416,Margarita Fischer,1886,2,12,1975,3,11,89
1960488,Gail Fisher,1935,8,18,2000,12,2,65
1374697,Geraldine Fitzgerald,1913,11,24,2005,7,17,91
48388996,Alice Fleming,1882,8,9,1952,12,6,70
484668,Susan Fleming,1908,2,19,2002,12,22,94
23281855,Kelly Flint,1911,11,15,2000,7,4,88
1018754,Bess Flowers,1898,11,23,1984,7,28,85
30998249,Edna Flugrath,1892,12,29,1966,4,6,73
31058126,Gertrude Flynn,1909,1,14,1996,10,16,87
2724530,Nina Foch,1924,4,20,2008,12,5,84
180982,Joan Fontaine,1917,10,22,2013,12,15,96
29569122,Brenda Forbes,1909,1,14,1996,9,11,87
706499,Constance Ford,1923,7,23,1993,2,26,69
12754393,Ruth Ford (actress),1911,7,7,2009,8,12,98
7505991,Eugenie Forde,1879,6,22,1940,9,5,61
2809740,Victoria Forde,1896,4,21,1964,7,24,68
3189050,Sally Forrest,1928,5,28,2015,3,15,86
13493946,Frances Foster,1924,6,11,1997,6,17,73
237438,Gloria Foster,1933,11,15,2001,9,29,67
22557764,Helen Foster (actress),1906,5,23,1982,12,25,76
5180590,Susanna Foster,1924,12,6,2009,1,17,84
19318844,Janet Fox,1912,6,12,2002,4,22,89
901799,Sidney Fox,1911,12,10,1942,11,15,30
1149254,Virginia Fox,1902,4,2,1982,10,14,80
19322221,Cyrinda Foxe,1952,2,22,2002,9,7,50
14606688,Karen Fraction,1958,2,15,2007,10,30,49
19053190,Anne Francine,1917,8,8,1999,12,3,82
2336942,Anne Francis,1930,9,16,2011,1,2,80
1339706,Arlene Francis,1907,10,20,2001,5,31,93
653533,Kay Francis,1905,1,13,1968,8,26,63
45325671,Noel Francis,1906,8,31,1959,10,30,53
4631585,Betty Francisco,1900,9,26,1950,11,25,50
1696532,Mary Frann,1943,2,27,1998,9,23,55
37869557,Nell Franzen,1889,11,17,1973,8,21,83
1866953,Elisabeth Fraser,1920,1,8,2005,5,5,85
4672757,Phyllis Fraser,1916,4,13,2006,11,25,90
17463720,Jane Frazee,1918,7,18,1985,9,6,67
1984300,Pauline Frederick,1883,8,12,1938,9,19,55
2123130,Kathleen Freeman,1919,2,17,2001,8,23,82
2340161,Mona Freeman,1926,6,9,2014,5,23,87
2915381,Phyllis Frelich,1944,2,29,2014,4,10,70
11827142,Susan French,1912,1,23,2003,4,6,91
27197944,Blanche Friderici,1878,1,21,1933,12,23,55
5967255,Florida Friebus,1909,10,10,1988,5,27,78
3311645,Trixie Friganza,1870,11,29,1955,2,27,84
3042152,Jane Froman,1907,11,10,1980,4,22,72
214812,Dorothy Frooks,1896,2,12,1997,4,13,101
14198387,Dale Fuller (actress),1885,6,17,1948,10,14,63
9156,Dolores Fuller,1923,3,10,2011,5,9,88
2471690,Frances Fuller,1907,3,16,1980,12,18,73
2696539,Mary Fuller,1888,10,5,1973,12,9,85
369054,Annette Funicello,1942,10,22,2013,4,8,70
1064201,Betty Furness,1916,1,3,1994,4,2,78
152912,Eva Gabor,1919,2,11,1995,7,4,76
22582772,Jane Gail,1890,8,16,1963,1,30,72
20854400,Eddra Gale,1921,10,16,2001,5,13,79
4585398,Silvana Gallardo,1953,1,13,2012,1,2,58
44159397,Alberta Gallatin,1861,5,5,1948,8,25,87
42025700,Rosina Galli (actress),1906,8,10,1969,12,3,63
3674284,Rita Gam,1927,4,2,2016,3,22,88
29931215,Jennifer Gan,1938,3,2,2000,9,15,62
63436,Greta Garbo,1905,9,18,1990,4,15,84
3160609,Betty Garde,1905,9,19,1989,12,25,84
11363242,Tess Gardella,1894,12,19,1950,1,3,55
43115,Ava Gardner,1922,12,24,1990,1,25,67
19237018,Helen Gardner (actress),1884,9,2,1968,11,20,84
3390395,Beverly Garland,1926,10,17,2008,12,5,82
58719,Judy Garland,1922,6,10,1969,6,22,47
804582,Peggy Ann Garner,1932,2,3,1984,10,16,52
4631936,Pauline Garon,1900,9,9,1965,8,30,64
921345,Betty Garrett,1919,5,23,2011,2,12,91
6549585,Joy Garrett,1945,3,11,1993,2,11,47
1006290,Patsy Garrett,1921,5,4,2015,1,8,93
2291828,Susie Garrett,1929,12,29,2002,5,24,72
678412,Linda Gary,1944,11,4,1995,10,5,50
23324145,Maxine Gates,1917,5,3,1990,7,27,73
6290441,Marjorie Gateson,1891,1,17,1977,4,17,86
2591558,Gene Gauntier,1885,5,17,1966,12,18,81
12464473,Lisa Gaye,1935,3,6,2016,7,14,81
45794,Janet Gaynor,1906,10,6,1984,9,14,77
14509922,Minnie Gentry,1915,12,2,1993,5,11,77
180914,Gladys George,1904,9,13,1954,12,8,50
13490950,Maude George,1888,8,15,1963,10,10,75
13501848,Neva Gerber,1894,4,3,1974,1,2,79
1612403,Betty Lou Gerson,1914,4,20,1999,1,12,84
20557216,Estelle Getty,1923,7,25,2008,7,22,84
2422030,Ileen Getz,1961,8,7,2005,8,4,43
1866112,Alice Ghostley,1923,8,14,2007,9,21,84
12726983,Diana Gibson,1915,3,21,1991,10,12,76
2661365,Helen Gibson,1892,8,27,1977,10,10,85
4384441,Margaret Gibson (actress),1894,9,14,1964,10,21,70
2162199,Virginia Gibson,1925,4,9,2013,4,25,88
13064413,Wynne Gibson,1905,7,3,1987,5,15,81
8307455,Frances Gifford,1920,12,7,1994,1,22,73
11965119,Florence Gilbert,1904,2,20,1991,2,27,87
1602987,Ronnie Gilbert,1926,9,7,2015,6,6,88
29404494,Ruth Gilbert (actress),1912,5,8,1993,10,13,81
15726039,Connie Gilchrist,1901,2,2,1985,3,3,84
17172515,Madeline Lee Gilford,1923,5,30,2008,4,15,84
3188461,Margalo Gillmore,1897,5,31,1986,6,30,89
5577203,Virginia Gilmore,1919,7,26,1986,3,28,66
7727285,Mae Giraci,1910,1,22,2006,1,10,95
223925,Dorothy Gish,1898,3,11,1968,6,4,70
17216177,June Gittelson,1910,5,6,1993,11,28,83
1780365,Louise Glaum,1888,9,4,1970,11,25,82
7245168,Adda Gleason,1888,12,19,1971,2,6,82
357806,Paulette Goddard,1910,6,3,1990,4,23,79
20464056,Renee Godfrey,1919,9,1,1964,5,24,44
33712198,Ruth Godfrey (actress),1922,2,24,1985,1,7,62
8163668,Dagmar Godowsky,1897,11,24,1975,2,13,77
45606548,Marta Golden,1868,11,28,1943,7,15,74
21048036,Minna Gombell,1892,5,28,1973,4,14,80
2159042,Myrtle Gonzalez,1891,9,28,1918,10,22,27
3484792,Dody Goodman,1914,10,28,2008,6,22,93
17382911,Maude Turner Gordon,1868,11,10,1940,1,12,71
14951098,Phyllis Gordon,1889,10,17,1964,10,16,74
25866,Ruth Gordon,1896,10,30,1985,8,28,88
34072335,Susan Gordon,1949,7,27,2011,12,11,62
2598928,Jetta Goudal,1891,7,12,1985,1,14,93
2235461,Sandra Gould,1916,7,23,1999,7,20,82
17109838,Nicolette Goulet,1956,6,5,2008,4,17,51
191127,Betty Grable,1916,12,18,1973,7,2,56
3443238,Carol Grace,1924,9,11,2003,7,20,78
8029723,Sheilah Graham,1904,9,15,1988,11,17,84
690539,Gloria Grahame,1923,11,28,1981,10,5,57
6646961,Dorothy Granger,1912,11,21,1995,1,4,82
42583453,Frances Grant,1909,2,15,1982,2,20,73
32334975,Shelby Grant,1936,10,1,2011,6,25,74
1148873,Bonita Granville,1923,2,2,1988,10,11,65
989161,Teresa Graves,1948,1,10,2002,10,10,54
25591822,Beatrice Gray,1911,3,3,2009,11,25,98
2006284,Coleen Gray,1922,10,23,2015,8,3,92
2311980,Dolores Gray,1923,6,7,2002,6,26,79
1694210,Gilda Gray,1901,10,24,1959,12,22,58
154038,Kathryn Grayson,1922,2,9,2010,2,17,88
49198423,Dorothy Green (actress born 1920),1920,1,12,2008,5,8,88
4399857,Mitzi Green,1920,10,22,1969,5,24,48
38177967,Martha Greenhouse,1921,6,14,2013,1,5,91
5473350,Charlotte Greenwood,1890,6,25,1977,12,28,87
1794955,Jane Greer,1924,9,9,2001,8,24,76
2463212,Virginia Gregg,1916,3,6,1986,9,15,70
5245270,Gloria Grey,1909,10,23,1947,11,22,38
2748776,Lita Grey,1908,4,15,1995,12,29,87
12725386,Nan Grey,1918,7,25,1993,7,25,75
17019014,Shirley Grey,1902,4,11,1981,8,12,79
884442,Virginia Grey,1917,3,22,2004,7,31,87
172055,Corinne Griffith,1894,11,24,1979,7,13,84
1866075,Ann Morgan Guilbert,1928,10,16,2016,6,14,87
2705550,Nancy Guild,1925,10,11,1999,8,16,73
148828,Texas Guinan,1884,1,12,1933,11,5,49
36830566,Sheila Guyse,1925,7,14,2013,12,28,88
3644765,Anne Gwynne,1918,12,10,2003,3,31,84
3137118,Dolly Haas,1910,4,29,1994,9,16,84
1008007,Joan Hackett,1934,3,1,1983,10,8,49
5990073,Sara Haden,1899,11,17,1981,9,15,81
14052364,Loretta King Hadler,1917,8,20,2007,9,10,90
1291976,Jean Hagen,1923,8,3,1977,8,29,54
432599,Uta Hagen,1919,6,12,2004,1,14,84
9093199,Rhea Haines,1894,10,2,1964,3,12,69
43114907,Fiona Hale,1926,2,7,2014,4,22,88
3433404,Louise Closser Hale,1872,10,13,1933,7,26,60
1611839,Alaina Reed Hall,1946,11,10,2009,12,17,63
13464008,Ella Hall,1896,3,17,1981,9,3,85
15033542,Ellen Hall,1922,4,18,1999,3,24,76
1264887,Grayson Hall,1922,9,18,1985,8,7,62
4906676,Juanita Hall,1901,11,6,1968,2,28,66
11381468,Laura Nelson Hall,1876,7,11,1936,7,11,60
8785731,Lois Hall,1926,8,22,2006,12,21,80
2308011,Florence Halop,1923,1,23,1986,7,15,63
3142314,Carrie Hamilton,1963,12,5,2002,1,20,38
24950632,Jane Hamilton (actress),1915,11,7,2004,2,9,88
40780290,Kim Hamilton,1932,9,12,2013,9,16,81
10644214,Kipp Hamilton,1934,8,16,1981,1,29,46
535353,Lois Hamilton,1952,10,14,1999,12,23,47
589885,Margaret Hamilton (actress),1902,12,9,1985,5,16,82
6246722,Elaine Hammerstein,1897,6,16,1948,8,13,51
13601942,Harriet Hammond,1899,10,20,1991,9,23,91
4580591,Hope Hampton,1897,2,19,1982,1,23,84
2861064,Anne Haney,1934,3,4,2001,5,26,67
7796704,Helen Hanft,1934,4,4,2013,5,30,79
2701656,Juanita Hansen,1895,3,3,1961,9,26,66
20246045,Valda Hansen,1932,11,3,1993,7,21,60
177756,Ann Harding,1902,8,7,1981,9,1,79
294006,Jean Harlow,1911,3,3,1937,6,7,26
45423021,Lillian Harmer,1883,9,8,1946,5,14,62
5327501,Kate Harrington,1902,12,8,1978,11,23,75
7153204,Marilyn Harris (actress),1924,7,17,1999,12,1,75
5765766,Arlene Harris,1896,7,7,1976,6,12,79
18463394,Caroline Harris,1867,11,11,1937,4,23,69
187109,Julie Harris (actress),1925,12,2,2013,8,24,87
18412778,Marcia Harris,1868,2,14,1947,6,18,79
2243203,Mildred Harris,1901,11,29,1944,7,20,42
26178694,Theresa Harris,1906,12,31,1985,10,8,78
835636,Dorothy Hart,1922,4,4,2004,7,11,82
14948936,Betty Harte,1882,5,13,1965,1,3,82
10477117,Eden Hartford,1930,4,10,1983,12,15,53
214304,Elizabeth Hartman,1943,12,2,1987,6,10,43
14995541,Grace Hartman (actress),1907,1,7,1955,8,8,48
35966222,Sumi Haru,1939,8,25,2014,10,16,75
1377322,Signe Hasso,1915,8,15,2002,6,7,86
1222909,June Haver,1926,6,10,2005,7,4,79
2750197,Phyllis Haver,1899,1,6,1960,11,19,61
183504,June Havoc,1912,11,8,2010,3,28,97
6300647,Alexandra Hay,1947,7,24,1993,10,11,46
29031193,Naura Hayden,1930,9,29,2013,8,10,82
3056495,Julie Haydon,1910,6,10,1994,12,24,84
2186491,Allison Hayes,1930,3,6,1977,2,27,46
177771,Helen Hayes,1900,10,10,1993,3,17,92
2351271,Lillian Hayman,1922,7,17,1994,10,25,72
183785,Susan Hayward,1917,6,30,1975,3,14,57
277952,Rita Hayworth,1918,10,17,1987,5,14,68
26384375,Marcia Healy,1904,3,7,1972,10,31,68
18588550,Mary Healy (entertainer),1918,4,14,2015,2,3,96
25039365,Jean Heather,1921,2,21,1995,10,29,74
38563,Eileen Heckart,1919,3,29,2001,12,31,82
34154763,Fay Helm,1909,4,9,2003,9,27,94
147570,Margaux Hemingway,1954,2,16,1996,7,1,42
2456255,Shirley Hemphill,1947,7,1,1999,12,10,52
31552435,Estelle Hemsley,1887,5,5,1968,11,5,81
18462488,Anita Hendrie,1863,11,9,1940,4,15,76
1377597,Wanda Hendrix,1928,11,3,1981,2,1,52
29491,Sonja Henie,1912,4,8,1969,10,12,57
22875246,Althea Henley,1911,7,23,1996,4,25,84
20631536,Charlotte Henry,1914,3,3,1980,4,11,66
4634230,Emmaline Henry,1928,11,1,1979,10,8,50
13162994,Gale Henry,1893,4,15,1972,6,17,79
29220132,Louise Henry (actress),1911,6,14,1967,2,17,55
43337,Katharine Hepburn,1907,5,12,2003,6,29,96
13603274,Aggie Herring,1876,2,4,1939,10,28,63
556378,Irene Hervey,1909,7,11,1998,12,20,89
11461368,Ruth Hiatt,1906,1,6,1994,4,21,88
32335805,Maxine Elliott Hicks,1904,10,5,2000,1,10,95
1680153,Dana Hill,1964,5,6,1996,7,15,32
14850255,Doris Hill,1905,3,21,1976,3,3,70
14935011,Josephine Hill,1899,10,3,1989,12,17,90
7358557,Thelma Hill,1906,12,12,1938,5,11,31
39245265,Peg Hillias,1914,6,24,1960,3,18,45
12514509,Verna Hillie,1914,5,5,1997,10,3,83
1998868,Francesca Hilton,1947,3,10,2015,1,5,67
7600486,Connie Hines,1931,3,24,2009,12,18,78
76311,Rose Hobart,1906,5,1,2000,8,29,94
10618947,Harriet Hoctor,1905,9,25,1977,6,9,71
8384845,Evelyn Hoey,1910,12,15,1935,9,11,24
3160652,Gertrude Hoffmann (actress),1871,5,17,1968,2,13,96
18700894,Fay Holden,1893,9,26,1973,6,23,79
3482541,Gloria Holden,1903,9,5,1991,3,22,87
933559,Cheryl Holdridge,1944,6,20,2009,1,6,64
187074,Judy Holliday,1921,6,21,1965,6,7,43
2718699,Alice Hollister,1886,9,28,1973,2,24,86
13504234,Carol Holloway,1892,4,30,1979,1,3,86
710551,Celeste Holm,1917,4,29,2012,7,15,95
8278314,Libby Holman,1904,5,23,1971,6,18,67
2653064,Helen Holmes,1892,6,19,1950,7,8,58
539144,Darla Hood,1931,11,8,1979,6,13,47
7306960,Gloria Hope,1901,11,9,1976,10,29,74
177834,Miriam Hopkins,1902,10,18,1972,10,9,69
365796,Hedda Hopper,1885,5,2,1966,2,1,80
263994,Lena Horne,1917,6,30,2010,5,9,92
2278691,Victoria Horne,1911,11,1,2003,10,10,91
15769364,Louisa Horton,1920,9,10,2008,1,25,87
15181069,Clara Horton,1904,7,29,1976,12,4,72
12856500,Mae Hotely,1872,10,7,1954,4,6,81
17106484,Doris Houck,1921,9,28,1965,12,14,44
34071,Whitney Houston,1963,8,9,2012,2,11,48
14934356,Ann Hovey,1911,8,29,2007,8,25,95
3160719,Esther Howard,1892,4,4,1965,3,8,72
44857166,Gertrude Howard,1892,10,13,1934,9,30,41
14830210,Jean Speegle Howard,1927,1,31,2000,9,2,73
4893735,Jennifer Howard (actress),1925,3,23,1993,12,14,68
14612113,Kathleen Howard,1884,7,27,1956,4,15,71
23160921,Mary Howard de Liagre,1913,5,13,2009,6,6,96
27259582,Jobyna Howland,1880,3,31,1936,6,7,56
3792995,Rochelle Hudson,1916,3,6,1972,1,17,55
6352620,Louise Huff,1895,11,14,1973,8,22,77
50835572,Rosanna Huffman,1938,8,12,2016,5,20,77
42545729,Carol Hughes (actress),1910,1,17,1995,8,8,85
8204872,Kay Hughes,1914,1,16,1998,4,4,84
2367393,Mary Beth Hughes,1919,11,13,1995,8,27,75
41834837,Sharon Hugueny,1944,2,29,1996,7,3,52
8187138,Gladys Hulette,1896,7,21,1991,8,8,95
215193,Josephine Hull,1877,1,3,1957,3,12,80
12511373,Eleanor Hunt,1910,1,10,1981,6,12,71
13697579,Irene Hunt (actress),1892,2,22,1988,10,13,96
160624,Kim Hunter,1922,11,12,2002,9,11,79
19875493,Virginia Hunter,1920,2,17,2012,3,23,92
7032745,Louise Huntington,1904,11,1,1997,6,2,92
5018694,Madeline Hurlock,1899,12,12,1989,4,4,89
1291071,Ruth Hussey,1911,10,30,2005,4,19,93
2472223,Virginia Huston,1925,4,24,1981,2,28,55
5922450,Josephine Hutchinson,1903,11,10,1998,6,4,94
327880,Betty Hutton,1921,2,26,2007,3,11,86
8798585,Leona Hutton,1892,4,8,1949,1,4,56
655645,Marion Hutton,1919,3,10,1987,1,10,67
1141298,Leila Hyams,1905,5,1,1977,12,4,72
1268236,Martha Hyer,1924,8,10,2014,5,31,89
1377634,Diana Hyland,1936,1,25,1977,3,27,41
978583,Phyllis Hyman,1949,7,6,1995,6,30,45
2545589,Dorothy Hyson,1914,12,24,1996,5,23,81
31265593,Ellen Idelson,1961,6,13,2003,9,19,42
18786724,Sally Insul,1916,3,9,2008,8,4,92
21222458,Mary Jane Irving,1913,10,20,1983,7,17,69
31856757,Jane Isbell,1927,5,1,1981,10,19,54
15157464,Kathryn Ish,1936,2,18,2007,12,31,71
6033959,Anne Jackson,1925,9,3,2016,4,12,90
1227227,Mary Ann Jackson,1923,1,14,2003,12,17,80
5018504,Peaches Jackson,1913,10,9,2002,2,23,88
51148168,Zaidee Jackson,1898,12,30,1970,12,15,71
18330206,Joyce Jameson,1932,9,26,1987,1,16,54
5931272,Dorothy Janis,1912,2,19,2010,3,10,98
921264,Elsie Janis,1889,3,16,1956,2,26,66
6529868,Lois January,1913,10,5,2006,8,7,92
20358603,Sybil Jason,1927,11,23,2011,8,23,83
2335656,Claudia Jennings,1949,12,20,1979,10,3,29
6261745,Eulalie Jensen,1884,12,24,1952,10,7,67
2298746,Adele Jergens,1917,11,26,2002,11,22,84
691257,Isabel Jewell,1907,7,19,1972,4,5,64
29876537,Chane't Johnson,1976,8,21,2010,12,2,34
13488703,Edith Johnson,1894,8,10,1969,9,6,75
8449877,Janelle Johnson,1923,12,2,1995,12,2,72
5935714,Kay Johnson,1904,11,29,1975,11,17,70
2383372,Rita Johnson,1913,8,13,1965,10,31,52
29739548,Sunny Johnson,1953,9,20,1984,6,19,30
3787896,Julanne Johnston,1900,5,1,1988,12,26,88
9930882,Justine Johnston,1921,6,13,2006,1,13,84
357153,Anissa Jones,1958,3,11,1976,8,28,18
67375,Jennifer Jones,1919,3,2,2009,12,17,90
13135636,Marcia Mae Jones,1924,8,1,2007,9,2,83
4309500,Betsy Jones-Moreland,1930,4,1,2006,5,1,76
2704497,Kathryn Joosten,1939,12,20,2012,6,2,72
20874705,Dorothy Jordan (American actress),1906,8,9,1988,12,7,82
13185274,Margaret Joslin,1883,8,6,1956,10,14,73
2710162,Leatrice Joy,1893,11,7,1985,5,13,91
1984197,Alice Joyce,1890,10,1,1955,10,9,65
2980822,Brenda Joyce (actress),1917,2,25,2009,7,4,92
3126438,Peggy Hopkins Joyce,1893,5,26,1957,6,12,64
31380981,Joyzelle Joyner,1905,8,27,1980,11,30,75
6423645,Arline Judge,1912,2,21,1974,2,7,61
73695,Katy Jurado,1924,1,16,2002,7,5,78
947902,Suzanne Kaaren,1912,3,12,2004,8,27,92
462624,Madeline Kahn,1942,9,29,1999,12,3,57
1552531,Bertha Kalich,1874,5,17,1939,4,18,64
614372,Kitty Kallen,1921,5,25,2016,1,7,94
1629501,Helen Kane,1904,8,4,1966,9,26,62
17689262,Marjorie Kane,1909,4,28,1992,1,8,82
2322823,Rita Karin,1919,10,24,1993,9,10,73
6611870,Maria Karnilova,1920,8,3,2001,4,20,80
4453162,Beatrice Kay,1907,4,21,1986,11,8,79
8132266,Jane Kean,1923,4,10,2013,11,26,90
12653313,Myra Keaton,1877,3,13,1955,7,21,78
44858167,Jane Keckley,1876,9,10,1963,8,14,86
33391283,Zena Keefe,1896,6,26,1977,11,17,81
189182,Ruby Keeler,1909,8,25,1993,2,28,83
40830318,Claire Kelly,1934,3,15,1998,7,1,64
42620,Grace Kelly,1929,11,12,1982,9,14,52
1146795,Kitty Kelly,1902,4,27,1968,9,29,66
733874,Lisa Robin Kelly,1970,3,5,2013,8,15,43
190431,Nancy Kelly,1921,3,25,1995,1,2,73
2096542,Patsy Kelly,1910,1,12,1981,9,24,71
14073570,Mayme Kelso,1867,2,28,1946,6,5,79
3643711,Pert Kelton,1907,10,14,1968,10,30,61
9635986,Alexa Kenin,1962,2,16,1985,9,10,23
5804307,Madge Kennedy,1891,4,19,1987,6,9,96
2476555,Merna Kennedy,1908,9,7,1944,12,20,36
28470482,Phyllis Kennedy,1914,6,16,1998,12,29,84
2474483,Barbara Kent,1907,12,16,2011,10,13,103
14067854,Dorothea Kent,1916,6,21,1990,12,10,74
6963099,Doris Kenyon,1897,9,5,1979,9,1,81
4640584,Kathleen Key,1903,4,1,1954,12,22,51
421109,Evelyn Keyes,1916,11,20,2008,7,4,91
2229825,Andrea King,1919,2,1,2003,4,22,84
1097324,Mabel King,1932,12,25,1999,11,9,66
3233067,Natalie Kingston,1905,5,19,1991,2,2,85
997847,Phyllis Kirk,1927,9,18,2006,10,19,79
11747339,Kathleen Kirkham,1895,4,15,1961,11,7,66
13706537,Virginia Kirtley,1888,11,11,1956,8,19,67
488957,Eartha Kitt,1927,1,17,2008,12,25,81
2523306,Helen Kleeb,1907,1,6,2003,12,28,96
14824681,Evalyn Knapp,1906,6,17,1981,6,12,74
9078629,Janice Knickrehm,1925,6,4,2013,1,23,87
6014663,June Knight,1913,1,22,1987,6,16,74
14726241,Patricia Knight,1915,4,28,2004,10,26,89
7385735,Violet Knights,1894,5,15,1973,6,13,79
14177119,Lydia Knott,1866,10,1,1955,3,30,88
3678252,Elyse Knox,1917,12,14,2012,2,16,94
5806015,Peggy Knudsen,1923,4,22,1980,7,11,57
43038331,Barbara Knudson,1927,12,4,2014,5,11,86
12915321,Ruth Kobart,1924,4,24,2002,12,14,78
17985445,Christina Kokubo,1950,7,27,2007,6,9,56
2403834,Miliza Korjus,1909,8,26,1980,8,26,71
1224896,Mary Kornman,1915,12,27,1973,6,1,57
28348001,Marge Kotlisky,1927,2,19,1997,12,2,70
37286449,Sammi Kane Kraft,1992,4,2,2012,10,9,20
14266053,Suzanne Krull,1966,7,8,2013,7,27,47
726025,Nancy Kulp,1921,8,28,1991,2,3,69
950234,Karyn Kupcinet,1941,3,6,1963,11,28,22
1072980,Barbara La Marr,1896,7,28,1926,1,30,29
1027112,Laura La Plante,1904,11,1,1996,10,14,91
43459854,Rita La Roy,1901,10,2,1993,2,18,91
14839822,Laura La Varnie,1853,3,2,1939,9,18,86
2467523,Lucille La Verne,1872,11,8,1945,3,4,72
10366465,Mae Laborde,1909,5,13,2012,1,9,102
9745753,Carla Laemmle,1909,10,20,2014,6,12,104
45604150,Ruby Lafayette,1844,7,22,1935,4,3,90
3680575,Alice Lake,1895,11,12,1967,11,15,72
6336268,Florence Lake,1904,11,27,1980,4,11,75
336959,Veronica Lake,1922,11,14,1973,7,7,50
17422761,Isabelle LaMal,1886,7,16,1952,7,20,66
170982,Hedy Lamarr,1913,11,9,2000,1,19,86
50097162,Karen Lamm,1952,6,21,2001,6,29,49
225860,Dorothy Lamour,1914,12,10,1996,9,22,81
161783,Elsa Lanchester,1902,10,28,1986,12,26,84
24985971,Muriel Landers,1921,10,27,1977,2,19,55
1171145,Elissa Landi,1904,12,6,1948,10,21,43
464554,Carole Landis,1919,1,1,1948,7,5,29
300361,Jessie Royce Landis,1896,11,25,1972,2,2,75
43175412,Leone Lane,1908,11,17,1993,3,28,84
44587794,Nora Lane,1905,9,12,1948,10,16,43
35028792,Priscilla Lane,1915,5,12,1995,4,4,79
11001522,Barbara Lang (film actress),1928,3,2,1982,7,22,54
2205736,June Lang,1917,5,5,2005,5,16,88
14627015,Lillian Langdon,1860,11,25,1943,2,8,82
425574,Hope Lange,1933,11,28,2003,12,19,70
2206188,Frances Langford,1913,4,4,2005,7,11,92
1225701,Joi Lansing,1929,4,6,1972,8,7,43
36354974,Rosemary LaPlanche,1923,10,11,1979,5,6,55
26022188,Francine Larrimore,1898,8,22,1975,3,7,76
12726695,Louise Latimer (actress),1913,3,6,1973,6,16,60
51027395,Laurel Cronin,1939,10,10,1992,10,26,53
22264670,Jody Lawrance,1930,10,19,1986,7,10,55
5817217,Barbara Lawrence,1930,2,24,2013,11,13,83
49326069,Elizabeth Lawrence (actress),1922,9,6,2000,6,11,77
7138983,Jane Lawrence,1915,2,3,2005,8,5,90
26457400,Mary Lawrence (actress),1918,5,17,1991,9,24,73
1592920,Rosina Lawrence,1912,12,30,1997,6,23,84
4459048,Priscilla Lawson,1914,2,8,1958,8,27,44
14823874,Dorothy Layton,1912,8,13,2009,6,4,96
8049075,Gertrude Le Brandt,1863,7,1,1955,8,28,92
2450328,Eva Le Gallienne,1899,1,11,1991,6,3,92
25185373,Bessie Learn,1888,8,30,1987,2,20,98
7645401,Pepi Lederer,1910,3,18,1935,6,11,25
660160,Anna Lee,1913,1,2,2004,5,14,91
13679872,Florence Lee,1888,3,12,1962,9,1,74
14921642,Frances Lee,1906,5,5,2000,11,5,94
7109576,Gwen Lee,1904,11,12,1961,8,20,56
183505,Gypsy Rose Lee,1911,1,8,1970,4,26,59
13401705,Jennie Lee (actress),1848,9,4,1925,8,5,76
35303972,Jennie Lee (dancer),1928,10,23,1990,3,24,61
2315912,Lila Lee,1901,6,25,1973,11,13,72
14716104,Mary Lee (actress),1924,10,24,1996,6,6,71
1138821,Andrea Leeds,1914,8,14,1984,5,21,69
1841231,Lila Leeds,1928,1,28,1999,9,15,71
4145231,Thelma Leeds,1910,12,18,2006,5,27,95
230664,Janet Leigh,1927,7,6,2004,10,3,77
7353924,Lillian Leighton,1874,5,17,1956,3,19,81
31587718,Leni Lynn,1923,5,3,2010,1,1,86
24985095,Lu Leonard,1927,1,1,2004,5,14,77
2944625,Marion Leonard,1881,6,9,1956,1,9,74
32378736,Urylee Leonardos,1910,5,14,1986,4,25,75
16881274,Ethelreda Leopold,1914,7,2,1998,1,26,83
7286969,Stella LeSaint,1881,12,17,1948,9,21,66
15400653,Bethel Leslie,1929,8,3,1999,11,28,70
33087754,Gladys Leslie,1899,3,5,1976,10,2,77
1505002,Joan Leslie,1925,1,26,2015,10,12,90
42055633,Nan Leslie,1926,6,4,2000,7,30,74
7270931,Louise Lester,1867,8,8,1952,11,18,85
8574036,Cathy Lewis,1916,12,27,1968,11,20,51
7997786,Diana Lewis,1919,9,18,1997,1,18,77
39805448,Monica Lewis,1922,5,22,2015,6,12,93
14177729,Vera Lewis,1873,6,10,1956,2,8,82
10027381,Winnie Lightner,1899,9,17,1971,3,5,71
17125352,Kay Linaker,1913,7,19,2008,4,18,94
14823084,Caryl Lincoln,1903,11,16,1983,2,20,79
2249330,Viveca Lindfors,1920,12,29,1995,10,25,74
9059115,Helen Lindroth,1874,12,3,1956,10,5,81
2743061,Margaret Lindsay,1910,9,19,1981,5,9,70
14121902,Margie Liszt,1909,3,2,1992,8,24,83
7377736,Ann Little,1891,2,7,1984,5,21,93
382938,Margaret Livingston,1895,11,25,1984,12,13,89
2072293,Kathleen Lockhart,1894,8,9,1978,2,18,83
6759437,Barbara Loden,1932,7,8,1980,9,5,48
8927248,Jeanette Loff,1906,10,9,1942,8,4,35
4490506,Jacqueline Logan,1901,11,30,1983,4,4,81
42414033,Janice Logan,1915,5,30,1965,10,23,50
44354,Carole Lombard,1908,10,6,1942,1,16,33
5082059,Babe London,1901,8,28,1980,11,29,79
1013175,Julie London,1926,9,26,2000,10,18,74
27765305,Lenore Lonergan,1928,6,2,1987,8,17,59
2209059,Audrey Long,1922,4,22,2014,9,19,92
42860763,Beverly Long,1933,4,18,2014,5,8,81
25799087,Lotus Long,1909,7,18,1990,9,14,81
12208708,Malvina Longfellow,1889,3,30,1962,11,2,73
47721931,Bessie Loo,1902,12,30,1998,10,28,95
3647384,Mary Loos,1910,5,6,2004,10,11,94
2902321,Marjorie Lord,1918,7,26,2015,11,28,97
10950549,Pauline Lord,1890,8,13,1950,10,11,60
5075167,Linda Loredo,1907,6,20,1931,8,11,24
6239941,Teala Loring,1922,10,6,2007,1,28,84
11691625,Tilly Losch,1903,11,15,1975,12,24,72
1104916,Anita Louise,1915,1,9,1970,4,25,55
175041,Bessie Love,1898,9,10,1986,4,26,87
4322669,Phyllis Love,1925,12,21,2011,10,30,85
35691852,Marilyn Lovell Matz,1931,8,27,2012,4,13,80
39825589,Dorothy Lovett,1915,2,16,1998,4,28,83
1714662,Celia Lovsky,1897,2,21,1979,10,12,82
10587226,Judith Lowry,1890,7,27,1976,11,29,86
147369,Myrna Loy,1905,8,2,1993,12,14,88
14653354,Claire Luce,1903,10,15,1989,8,31,85
21308883,Laurette Luez,1928,8,19,1999,9,12,71
5526067,Donyale Luna,1945,8,31,1979,5,17,33
14862116,Lucille Lund,1913,6,3,2002,2,15,88
2209720,Zoe Tamerlis Lund,1962,2,9,1999,4,16,37
460446,Ida Lupino,1918,2,4,1995,8,3,77
8830123,Lillian Lux,1918,6,20,2005,6,11,86
5239378,Helen Lynch,1900,4,6,1965,3,2,64
1377706,Diana Lynn,1926,10,7,1971,12,18,45
47839422,Eleanor Lynn,1916,10,29,1996,12,26,80
42037538,Sharon Lynn,1901,4,9,1963,5,26,62
5652310,Lya Lys,1908,5,8,1986,6,2,78
1917738,June MacCloy,1909,6,2,2005,5,5,95
499380,Jeanette MacDonald,1903,6,18,1965,1,14,61
3689586,Katherine MacDonald,1891,12,14,1956,6,4,64
919978,Harriet E. MacGibbon,1905,10,5,1987,2,8,81
33956333,Nicoletta Machiavelli,1944,8,1,2015,11,15,71
26401500,Betty Mack,1901,11,30,1980,11,5,78
3820523,Helen Mack,1913,11,12,1986,8,13,72
29423733,Marion Mack,1902,4,8,1989,5,1,87
4516526,Dorothy Mackaill,1903,3,4,1990,8,12,87
29335903,Janet MacLachlan,1933,8,27,2010,10,11,77
17273161,Mary MacLaren,1896,1,19,1985,11,9,89
21246499,Aline MacMahon,1899,5,3,1991,10,12,92
7822651,Violet MacMillan,1887,3,4,1953,12,29,66
6274372,Jeanie MacPherson,1886,5,18,1946,8,26,60
2045160,Meredith MacRae,1944,5,30,2000,7,14,56
2289285,Sheila MacRae,1921,9,24,2014,3,6,92
9188344,Cleo Madison,1883,3,26,1964,3,11,80
22907439,Kathleen Maguire,1925,9,27,1989,8,9,63
494618,Marjorie Main,1890,2,24,1975,4,10,85
17106341,Judy Malcolm,1910,12,1,1998,7,22,87
853532,Judith Malina,1926,6,4,2015,4,10,88
15409347,Claire Malis,1943,2,17,2012,8,24,69
5032994,Boots Mallory,1913,10,22,1958,12,1,45
26740590,Gina Malo,1909,6,1,1963,11,30,54
13493094,Molly Malone (actress),1888,12,7,1952,2,14,63
4312101,Nancy Malone,1935,3,19,2014,5,8,79
6856511,Margaret Mann,1868,4,4,1941,2,4,72
754653,Irene Manning,1912,7,17,2004,5,28,91
3572265,Toni Mannix,1906,2,19,1983,9,2,77
409842,Jayne Mansfield,1933,4,19,1967,6,29,34
5506317,Adele Mara,1923,4,28,2010,5,7,87
1020746,Nancy Marchand,1928,6,19,2000,6,18,71
2255457,Margo (actress),1917,5,10,1985,7,17,68
3287845,Janet Margolin,1943,7,25,1993,12,17,50
14627076,Beth Marion,1912,7,12,2003,2,18,90
1245151,June Marlowe,1903,11,6,1984,3,10,80
31557238,Nora Marlowe,1915,9,5,1977,12,31,62
5589298,Joan Marsh,1913,7,10,2000,8,10,87
2314814,Mae Marsh,1894,11,9,1968,2,13,73
13679715,Marguerite Marsh,1888,4,18,1925,12,8,37
7870775,Marian Marsh,1913,10,17,2006,11,9,93
1718534,Brenda Marshall,1915,9,29,1992,7,30,76
19942162,Joan Marshall,1931,6,19,1992,6,28,61
754642,Trudy Marshall,1920,2,14,2004,5,23,84
10069480,June Martel,1909,11,19,1978,11,23,69
1495757,Arlene Martel,1936,4,14,2014,8,12,78
1685029,Helen Martin,1909,7,23,2000,3,25,90
7053672,Lori Martin,1947,4,18,2010,4,4,62
45678960,Marcella Martin,1916,6,5,1986,10,31,70
5831895,Marion Martin,1909,6,7,1985,8,13,76
39096,Mary Martin,1913,12,1,1990,11,3,76
3039167,Nan Martin,1927,7,15,2010,3,4,82
6228138,Vivian Martin,1893,7,22,1987,3,16,93
14151087,Marilyn Martinez,1955,2,9,2007,11,3,52
23171497,Pamela Mason,1916,3,10,1996,6,29,80
15808030,Shirley Mason (actress),1900,6,6,1979,7,27,79
26578151,Vivian Mason,1918,7,12,2009,8,24,91
2079333,Osa Massen,1914,1,13,2006,1,2,91
1036650,Edith Massey,1918,5,28,1984,10,24,66
5831955,Ilona Massey,1910,6,16,1974,8,20,64
42050945,Carole Mathews,1920,9,13,2014,11,6,94
45280554,Ruth Matteson,1910,12,10,1975,2,5,64
8774874,Martha Mattox,1879,6,19,1933,5,2,53
6461844,Jenny Maxwell,1941,9,3,1981,6,10,39
2231531,Marilyn Maxwell,1921,8,3,1972,3,20,50
1001319,Virginia Mayo,1920,11,30,2005,1,17,84
1725710,May McAvoy,1899,9,8,1984,4,26,84
3511926,Irish McCalla,1928,12,25,2002,2,1,73
533847,Mercedes McCambridge,1916,3,16,2004,3,2,87
4383802,Marian McCargo,1932,3,18,2004,4,7,72
34460096,Patti McCarty,1921,2,22,1985,7,7,64
350801,Rue McClanahan,1934,2,21,2010,6,3,76
42213098,Molly McClure,1919,1,19,2008,8,15,89
4792000,Lorissa McComas,1970,11,26,2009,11,3,38
7300095,Mollie McConnell,1865,9,24,1920,12,9,55
14415713,Gertrude McCoy,1890,6,30,1967,7,17,77
3261430,Joan McCracken,1917,12,31,1961,11,1,43
92343,Hattie McDaniel,1895,6,10,1952,10,26,57
9554168,Ruth McDevitt,1895,9,13,1976,5,27,80
4218119,Marie McDonald,1923,7,6,1965,10,21,42
13329269,Claire McDowell,1877,11,2,1966,10,23,88
13075038,Vonetta McGee,1945,1,14,2010,7,9,65
11784298,Roxana McGowan,1897,3,15,1976,11,22,79
183814,Dorothy McGuire,1916,6,14,2001,9,13,85
4608253,Kathryn McGuire,1903,12,6,1978,10,10,74
29257375,Kim McGuire,1955,12,1,2016,9,14,60
23387902,Kitty McHugh,1902,10,3,1954,9,3,51
3602245,Christine McIntyre,1911,4,16,1984,7,8,73
46470319,Wanda McKay,1915,6,22,1996,4,11,80
23282007,Eva McKenzie,1889,11,5,1967,9,15,77
3574098,Nina Mae McKinney,1912,6,12,1967,5,3,54
8317661,Barbara McNair,1934,3,4,2007,2,4,72
187638,Maggie McNamara,1928,6,18,1978,2,18,49
16884964,Claudia McNeil,1917,8,13,1993,11,25,76
13928657,Addie McPhail,1905,7,15,2003,4,14,97
42561421,Arlene McQuade,1936,5,29,2014,4,21,77
492328,Butterfly McQueen,1911,3,26,1995,12,22,84
32596827,Eve McVeagh,1919,7,15,1997,12,10,78
5769688,Caroline McWilliams,1945,4,4,2010,2,11,64
916852,Anne Meacham,1925,7,21,2006,1,12,80
50582772,Julia Meade,1925,12,17,2016,5,16,90
2652081,Mary Meade,1923,11,24,2003,12,10,80
1420556,Audrey Meadows,1922,2,8,1996,2,3,73
1652751,Jayne Meadows,1919,9,27,2015,4,26,95
240945,Anne Meara,1929,9,20,2015,5,23,85
4380101,Kay Medford,1919,9,14,1980,4,10,60
37529790,Hazel Medina,1937,10,8,2012,2,14,74
8957974,Blanche Mehaffey,1908,7,28,1968,3,31,59
6976520,Doro Merande,1892,3,31,1975,11,1,83
13346091,Beryl Mercer,1882,8,13,1939,7,28,56
20258382,Mae Mercer,1932,6,12,2008,10,29,76
49353657,Micole Mercurio,1938,3,10,2016,1,19,77
14746973,Iris Meredith,1915,6,3,1980,1,22,64
9490192,Judi Meredith,1936,10,13,2014,4,30,77
2698083,Bess Meredyth,1890,2,12,1969,7,13,79
765369,Una Merkel,1903,12,10,1986,1,2,82
100394,Ethel Merman,1908,1,16,1984,2,15,76
9507462,Charlotte Merriam,1903,4,5,1972,7,10,69
14599344,Lynn Merrick,1919,11,19,2007,3,25,87
2762255,Theresa Merritt,1922,9,24,1998,6,12,75
6870240,Violet Mersereau,1892,10,2,1975,11,12,83
14748146,Gertrude Messinger,1911,4,28,1995,11,8,84
691189,Mayo Methot,1904,3,3,1951,6,9,47
3845684,Eve Meyer,1928,12,13,1977,3,27,48
21568473,Gertrude Michael,1911,6,1,1964,12,31,53
32978481,Beverly Michaels,1928,12,28,2007,6,9,78
19537063,Beatriz Michelena,1890,2,2,1942,10,10,52
4404957,Donna Michelle,1945,12,8,2004,4,11,58
14752502,Betty Miles,1910,1,11,1992,6,9,82
10316692,Lillian Miles,1907,8,1,1972,2,27,64
13262332,Marjie Millar,1931,8,10,1966,4,16,34
44822162,Helene Millard,1905,9,30,1974,9,20,68
8913641,Diana Miller,1902,3,18,1927,12,18,25
439589,Ann Miller,1923,4,12,2004,1,22,80
18659063,Eve Miller,1923,8,8,1973,8,17,50
2819652,Marilyn Miller,1898,9,1,1936,4,7,37
2839981,Patsy Ruth Miller,1904,1,17,1995,7,16,91
6366919,Shirley Mills,1926,4,8,2010,3,31,83
13952591,Charlotte Mineau,1886,3,24,1979,10,12,93
516821,Jan Miner,1917,10,15,2004,2,15,86
579667,Mary Miles Minter,1902,4,25,1984,8,4,82
13184304,Belle Mitchell,1889,9,24,1979,2,12,89
17160452,Geneva Mitchell,1907,2,3,1949,3,10,42
7513818,Rhea Mitchell,1890,12,10,1957,10,16,66
6447718,Shirley Mitchell,1919,11,4,2013,11,11,94
13825249,Julie Mitchum,1914,7,23,2003,2,21,88
14599921,Ruth Mix,1912,7,13,1977,9,21,65
395499,Mary Ann Mobley,1937,2,17,2014,12,9,77
677355,Anna Moffo,1932,6,27,2006,3,9,73
505818,Eleanor Mondale,1960,1,19,2011,9,17,51
19318,Marilyn Monroe,1926,6,1,1962,8,5,36
332719,Elizabeth Montgomery,1933,4,15,1995,5,18,62
8096649,Belle Montrose,1886,4,23,1964,10,26,78
15768224,De Sacia Mooers,1888,11,19,1960,1,11,71
988033,Colleen Moore,1899,8,19,1988,1,25,88
1660276,Constance Moore,1920,1,18,2005,9,16,85
27498530,Dennie Moore,1902,12,30,1978,2,22,75
6349620,Florence Moore,1886,11,13,1935,3,23,48
13444856,Joanna Moore,1934,11,10,1997,11,22,63
14599722,Pauline Moore,1914,6,17,2001,12,7,87
202643,Agnes Moorehead,1900,12,6,1974,4,30,73
38336341,Natalie Moorhead,1901,7,27,1992,10,6,91
11882313,Dolores Moran,1924,1,27,1982,2,5,58
5511217,Peggy Moran,1918,10,23,2002,10,24,84
4943184,Polly Moran,1883,6,28,1952,1,25,68
43643528,Priscilla Moran,1917,11,23,2006,11,11,88
15315944,Claudia Morgan,1911,6,12,1974,9,17,63
1670446,Helen Morgan,1900,8,2,1941,10,9,41
6819531,Nancy Morgan,1949,4,1,1949,4,1,0
5007069,Toshia Mori,1912,1,1,1995,11,26,83
696051,Karen Morley,1909,12,12,2003,3,8,93
22156642,Priscilla Morrill,1927,6,4,1994,11,9,67
8379386,Anita Morris,1943,3,14,1994,3,2,50
29034630,Dorothy Morris,1922,2,23,2011,11,20,89
14836872,Margaret Morris (actress),1898,11,7,1968,6,7,69
23478378,Anna Karen Morrow,1914,9,20,2009,7,1,94
18216612,Susan Morrow,1931,5,25,1985,5,8,53
13184392,Marie Mosquini,1899,12,3,1983,2,21,83
1328222,Cookie Mueller,1949,3,2,1989,11,10,40
6990714,Esther Muir,1903,3,11,1995,8,1,92
26020338,Jean Muir (actress),1911,2,13,1996,7,23,85
12271351,Meg Mundy,1915,1,4,2016,1,12,101
1169577,Ona Munson,1903,6,16,1955,2,11,51
166777,Brittany Murphy,1977,11,10,2009,12,20,32
15195086,Edna Murphy,1899,11,17,1974,8,3,74
5814387,Mary Murphy (actress),1931,1,26,2011,5,4,80
2357543,Rosemary Murphy,1925,1,13,2014,7,5,89
472263,Mae Murray,1885,5,10,1965,3,23,79
2866333,Carmel Myers,1899,4,4,1980,11,9,81
2999649,Cynthia Myers,1950,9,12,2011,11,4,61
40612001,Paulene Myers,1913,11,9,1996,12,8,83
29692289,Odette Myrtil,1898,6,28,1978,11,18,80
7599439,Anne Nagel,1915,9,29,1966,7,6,50
2171189,Nita Naldi,1894,11,13,1961,2,17,66
11601206,Florence Nash,1888,10,2,1950,4,2,61
6835272,Mary Nash,1884,8,15,1976,12,3,92
3612234,Mildred Natwick,1905,6,19,1994,10,25,89
210214,Patricia Neal,1926,1,20,2010,8,8,84
3629604,Frances E. Nealy,1918,10,14,1997,5,23,78
909387,Pola Negri,1897,1,3,1987,8,1,90
2062226,Noel Neill,1920,11,25,2016,7,3,95
762748,Harriet Nelson,1909,7,19,1994,10,2,85
26530953,Portia Nelson,1920,5,27,2001,3,6,80
40495311,Ruth Nelson (actress),1905,8,2,1992,9,12,87
31645493,Ottola Nesmith,1889,12,12,1972,2,7,82
3170161,Miriam Byrd Nethery,1929,5,17,2003,1,6,73
5715513,Lois Nettleton,1927,8,16,2008,1,18,80
3956949,Michelle Nicastro,1960,3,31,2010,11,4,50
5990384,Barbara Nichols,1928,12,30,1976,10,5,47
6131603,Jane Nigh,1925,2,25,1993,10,5,68
1469375,Anna Q. Nilsson,1888,3,30,1974,2,11,85
3199432,Greta Nissen,1906,1,30,1988,5,15,82
6827553,Marian Nixon,1904,10,20,1983,2,13,78
38041652,Chris Noel,1941,7,2,1941,7,2,0
26473070,Danny Sue Nolan,1923,2,28,2002,8,3,79
40007512,Doris Nolan,1916,7,14,1998,7,29,82
3286021,Jeanette Nolan,1911,12,30,1998,6,5,86
2689710,Mary Nolan,1902,12,18,1948,10,31,45
15002235,Lucille Norman,1921,6,15,1998,4,1,76
29938194,Maidie Norman,1912,10,16,1998,5,2,85
579712,Mabel Normand,1892,11,9,1930,2,23,37
2181741,Sheree North,1932,1,17,2005,11,4,73
13021459,Eva Novak,1898,2,14,1988,4,17,90
6243841,Jane Novak,1896,1,12,1990,2,3,94
26109640,Betty Noyes,1912,10,11,1987,12,24,75
27166131,Alice Nunn,1927,10,27,1988,7,1,60
1408408,Maila Nurmi,1922,12,11,2008,1,10,85
6003628,Carrie Nye,1936,10,14,2006,7,14,69
33915702,Randi Oakes,1951,8,19,1951,8,19,0
6034927,Vivien Oakland,1895,5,20,1958,8,1,63
9734885,Florence Oberle,1869,12,6,1943,7,10,73
3215913,Virginia O'Brien,1919,4,18,2001,1,16,81
17108628,Erin O'Brien-Moore,1902,5,2,1979,5,3,77
41068288,Gladys O'Connor,1903,11,28,2012,2,21,108
14398658,Loyola O'Connor,1868,7,8,1931,12,26,63
1387992,Una O'Connor (actress),1880,10,23,1959,2,4,78
5726146,Molly O'Day,1911,10,16,1998,10,22,87
14751889,Nell O'Day,1909,9,22,1989,1,3,79
2137943,Cathy O'Donnell,1923,7,6,1970,4,11,46
7282220,Martha O'Driscoll,1922,3,4,1998,11,3,76
6800971,Lani O'Grady,1954,10,2,2001,9,25,46
235309,Maureen O'Hara,1920,8,17,2015,10,24,95
13951001,Carol Ohmart,1927,6,3,2002,1,1,74
1149330,Edna May Oliver,1883,11,9,1942,11,9,59
1800503,Susan Oliver,1932,2,13,1990,5,10,58
13540069,Gertrude Olmstead,1897,11,13,1975,1,18,77
23080864,Zelma O'Neal,1903,5,29,1989,11,3,86
2403871,Barbara O'Neil,1910,7,17,1980,9,3,70
5715320,Sally O'Neil,1908,10,23,1968,6,18,59
3129381,Lupe Ontiveros,1942,9,27,2012,7,26,69
11476385,Narda Onyx,1931,12,20,1991,3,18,59
804611,Heather O'Rourke,1975,12,27,1988,2,1,12
31855124,Vivienne Osborne,1896,12,10,1961,6,10,64
39287063,Bibi Osterwald,1918,2,3,2002,1,2,83
7270454,Muriel Ostriche,1896,5,24,1989,5,3,92
202122,Maureen O'Sullivan,1911,5,17,1998,6,23,87
17360747,Rafaela Ottiano,1888,3,4,1942,8,18,54
736781,Maria Ouspenskaya,1876,7,29,1949,12,3,73
15792249,Catherine Dale Owen,1900,7,28,1965,9,7,65
3787219,Seena Owen,1894,11,14,1966,8,15,71
11307679,Doris Packer,1904,5,30,1979,3,31,74
593874,Anita Page,1910,8,4,2008,9,6,98
14627342,Dorothy Page (actress),1904,3,4,1961,3,26,57
1388049,Gale Page,1913,7,29,1983,1,8,69
206714,Geraldine Page,1924,11,22,1987,6,13,62
1150250,Joy Page,1924,11,9,2008,4,18,83
1752991,LaWanda Page,1920,10,19,2002,9,14,81
6264072,Jean Paige,1895,7,3,1990,12,15,95
12874930,Mabel Paige,1880,12,19,1954,2,9,73
17266778,Inez Palange,1889,6,13,1962,10,16,73
1172302,Betsy Palmer,1926,11,1,2015,5,29,88
14949530,Shirley Palmer (actress),1908,12,25,2000,3,29,91
187083,Eleanor Parker,1922,6,26,2013,12,9,91
2326113,Jean Parker,1915,8,11,2005,11,30,90
321205,Suzy Parker,1932,10,28,2003,5,3,70
3644245,Hildy Parks,1926,3,15,2004,10,7,78
6828191,Helen Parrish,1924,3,12,1959,2,22,34
8339084,Julie Parrish,1940,10,21,2003,10,1,62
2109172,Nancy Parsons,1942,1,17,2001,1,5,58
7671983,Patsy Parsons,1931,6,9,2006,10,26,75
21318155,Tayva Patch,1953,2,18,2015,11,21,62
46407073,Angela Paton,1930,1,11,2016,5,26,86
9121774,Gail Patrick,1911,6,20,1980,7,6,69
1298854,Lee Patrick (actress),1901,11,22,1982,11,21,80
2287337,Luana Patten,1938,7,6,1996,5,1,57
5690575,Elizabeth Patterson (actress),1874,11,22,1966,1,31,91
3306287,Neva Patterson,1920,2,10,2010,12,14,90
14626952,Shirley Patterson,1922,12,26,1995,4,4,72
7518214,Doris Pawn,1894,12,29,1988,3,30,93
6151648,Ilka Tanya Payan,1943,1,7,1996,4,6,53
17127756,Sally Payne,1912,9,5,1999,5,8,86
13184588,Blanche Payson,1881,9,20,1964,7,4,82
1642878,Barbara Payton,1927,11,16,1967,5,8,39
22622058,E. J. Peaker,1944,2,22,1944,2,22,0
603181,Alice Pearce,1917,10,16,1966,3,3,48
41580640,Peggy Pearce,1894,6,4,1975,2,26,80
6029765,Virginia Pearson,1886,3,7,1958,6,6,72
18101180,Margaret Pellegrini,1923,9,23,2013,8,7,89
246283,Clara Peller,1902,8,11,1987,8,11,85
7389768,Ann Pennington (actress),1893,12,23,1971,11,4,77
1711221,Barbara Pepper,1915,5,31,1969,7,18,54
15203627,Susan Peretz,1940,3,2,2004,8,27,64
30050245,Joan Perry,1911,7,7,1996,9,16,85
19007989,Katherine Perry,1897,1,5,1983,10,14,86
36576511,Fern Persons,1910,7,27,2012,7,22,101
37709315,Edith Peters,1926,4,14,2000,10,28,74
1285604,Jean Peters,1926,10,15,2000,10,13,73
593854,Susan Peters,1921,7,3,1952,10,23,31
708931,Amanda Peterson,1971,7,8,2015,7,3,43
17082734,Dorothy Peterson,1897,12,25,1979,10,3,81
1339894,Angelique Pettyjohn,1943,3,11,1992,2,14,48
8563929,Eleanor Phelps,1907,9,8,2001,9,29,94
17552464,Mary Philips,1901,1,23,1975,4,22,74
15182277,Carmen Phillips,1895,1,9,1936,12,9,41
8929900,Dorothy Phillips,1889,10,30,1980,3,1,90
2893685,Peg Phillips,1918,9,20,2002,11,7,84
9918944,Sally Phipps,1911,5,25,1978,3,17,66
18823,Mary Pickford,1892,4,8,1979,5,29,87
1667240,Molly Picon,1898,2,28,1992,4,5,94
30196823,Rosamond Pinchot,1904,10,26,1938,1,24,33
8061720,Anne Pitoniak,1922,3,30,2007,4,22,85
254518,ZaSu Pitts,1894,1,3,1963,6,7,69
9048,Dana Plato,1964,11,7,1999,5,8,34
12784203,Louise Platt,1915,8,3,2003,9,6,88
6595662,Alice Playten,1947,8,28,2011,6,25,63
830780,Suzanne Pleshette,1937,1,31,2008,1,19,70
26469268,Bonnie Poe,1912,10,15,1993,10,16,81
47487714,Nina Polan,1927,11,30,2014,2,16,86
40179883,Polly Rowles,1914,1,10,2001,10,7,87
27748981,Beatrice Pons,1906,1,28,1991,6,17,85
764849,Lily Pons,1898,4,12,1976,2,13,77
9106643,Phyllis Povah,1893,7,21,1975,8,7,82
374178,Eleanor Powell,1912,11,21,1982,2,11,69
2065644,Mala Powers,1931,12,20,2007,6,11,75
2237084,Evelyn Preer,1896,7,16,1932,11,27,36
15566344,June Preisser,1920,6,26,1984,9,19,64
570649,Ann Prentiss,1939,11,27,2010,1,12,70
37211722,Shirley Prestia,1947,8,18,2011,10,8,64
184473,Marie Prevost,1898,11,8,1937,1,21,38
6901296,Kate Price (actress),1872,2,13,1943,1,4,70
15388281,Maudie Prickett,1914,10,25,1976,4,14,61
2827440,Aileen Pringle,1895,7,23,1989,12,16,94
2619178,Dorothy Provine,1935,1,20,2010,4,25,75
1560333,Juliet Prowse,1936,9,25,1996,9,14,59
14786181,Eva Puck,1892,11,27,1979,10,24,86
4845423,Irene Purcell,1896,8,7,1972,7,9,75
335026,Edna Purviance,1895,10,21,1958,1,13,62
971563,Mae Questel,1908,9,13,1998,1,4,89
34428611,Rita Quigley,1923,3,31,2008,8,25,85
90698,Gilda Radner,1946,6,28,1989,5,20,42
13434858,Zoe Rae,1910,7,13,2006,5,20,95
4381123,Frances Rafferty,1922,6,16,2004,4,18,81
5428391,Deborah Raffin,1953,3,13,2012,11,21,59
180908,Luise Rainer,1910,1,12,2014,12,30,104
1388206,Ella Raines,1920,8,6,1988,5,30,67
5181338,Jessie Ralph,1864,11,5,1944,5,30,79
2840512,Esther Ralston,1902,9,2,1994,1,14,91
2563056,Jobyna Ralston,1899,11,21,1967,1,22,67
5428999,Vera Ralston,1919,7,12,2003,2,9,83
2403940,Marjorie Rambeau,1889,7,15,1970,7,6,80
89648,Anne Ramsey,1929,3,27,1988,8,11,59
452152,Sally Rand,1904,4,3,1979,8,31,75
23281742,Rebel Randall,1922,1,22,2010,7,22,88
9048042,Sue Randall,1935,10,8,1984,10,26,49
1482849,Amanda Randolph,1896,9,2,1967,8,24,70
28181409,Barbara Randolph,1942,5,5,2002,7,15,60
27567890,Isabel Randolph,1889,12,4,1973,1,11,83
2034705,Jane Randolph,1915,10,30,2009,5,4,93
1483004,Lillian Randolph,1898,12,14,1980,9,12,81
856958,Virginia Rappe,1895,7,7,1921,9,9,26
8953270,Allene Ray,1901,1,2,1979,5,5,78
845462,Martha Raye,1916,8,27,1994,10,19,78
2060795,Paula Raymond,1924,11,23,2003,12,31,79
2782813,Robin Raymond,1916,10,4,1994,6,20,77
5915666,Peggy Rea,1921,3,31,2011,2,5,89
714828,Maureen Reagan,1941,1,4,2001,8,8,60
21181,Nancy Reagan,1921,7,6,2016,3,6,94
28344123,Red Wing (actress),1884,2,13,1974,3,13,90
394902,Donna Reed,1921,1,27,1986,1,14,64
25923420,Florence Reed,1883,1,10,1967,11,21,84
15522130,Vivian Reed (silent film actress),1894,4,17,1989,7,19,95
5433047,Hedwiga Reicher,1884,6,12,1971,9,2,87
704124,Frances Reid,1914,12,9,2010,2,3,95
20001840,Estelle Reiner,1914,6,5,2008,10,25,94
181998,Lee Remick,1935,12,14,1991,7,2,55
6306046,Romola Remus,1900,4,7,1987,2,17,86
765450,Anne Revere,1903,6,25,1990,12,18,87
7484877,Dorothy Revier,1904,4,18,1993,11,19,89
2523190,Marjorie Reynolds,1917,8,12,1997,2,1,79
5626313,Vera Reynolds,1899,11,25,1962,4,22,62
1290476,Alicia Rhett,1915,2,1,2014,1,3,98
34543700,Betty Jane Rhodes,1921,4,21,2011,12,27,90
1157983,Madlyn Rhue,1935,10,3,2003,12,16,68
39216650,Renie Riano,1899,8,7,1971,7,3,71
1047002,Florence Rice,1907,2,14,1974,2,23,67
9679580,Frances Rich,1910,1,8,2007,10,14,97
2538483,Irene Rich,1891,10,13,1988,4,22,96
7271078,Vivian Rich,1893,5,26,1957,11,17,64
3724121,Ann Richards (actress),1917,12,13,2006,8,25,88
1500049,Beah Richards,1920,7,12,2000,9,14,80
8611241,Lucille Ricksen,1910,8,22,1925,3,13,14
6615546,Cleo Ridgely,1894,5,12,1962,8,18,68
13493155,Fritzi Ridgeway,1898,4,8,1961,3,29,62
23387570,Suzanne Ridgeway,1918,1,27,1996,5,6,78
41141970,Elaine Riley,1917,1,15,2015,12,7,98
317856,Thelma Ritter,1902,2,14,1969,2,5,66
265883,Joan Rivers,1933,6,8,2014,9,4,81
19705257,Gale Robbins,1921,5,7,1980,2,18,58
984982,Lyda Roberti,1906,5,20,1938,3,12,31
13633508,Beatrice Roberts,1905,3,7,1970,7,24,65
14862364,Beverly Roberts,1914,5,19,2009,7,13,95
361885,Doris Roberts,1925,11,4,2016,4,17,90
7380374,Florence Roberts,1861,3,16,1940,6,6,79
911501,Joan Roberts,1917,7,15,2012,8,13,95
38032542,Leona Roberts,1879,7,26,1954,1,29,74
2271526,Lynne Roberts,1922,11,22,1978,4,1,55
21444934,Eslanda Goode Robeson,1895,12,15,1965,12,13,69
13420592,Gertrude Robinson,1890,10,7,1962,3,19,71
177792,May Robson,1858,4,19,1942,10,20,84
2428007,Blossom Rock,1895,8,21,1978,1,14,82
1277870,Elizabeth Rogers,1934,5,18,2004,11,6,70
64612,Ginger Rogers,1911,7,16,1995,4,25,83
2453244,Jean Rogers,1916,3,25,1991,2,24,74
2242240,Kasey Rogers,1925,12,15,2006,7,6,80
851374,Roxie Roker,1929,8,28,1995,12,2,66
2649150,Ruth Roland,1892,8,26,1937,9,22,45
400778,Esther Rolle,1920,11,8,1998,11,17,78
1557739,Ruth Roman,1922,12,22,1999,9,9,76
32564015,Bodil Rosing,1877,12,27,1941,12,31,64
4937227,Shirley Ross,1913,1,7,1975,3,9,62
2076664,Lillian Roth,1910,12,13,1980,5,12,69
8891948,Ruth Royce,1893,2,6,1971,5,7,78
17417322,Selena Royle,1904,11,4,1983,4,23,78
3775554,Alma Rubens,1897,2,19,1931,1,21,33
3038085,Zelda Rubinstein,1933,5,29,2010,1,27,76
7738278,Barbara Ruick,1930,12,23,1974,3,3,43
6330404,Janice Rule,1931,8,15,2003,10,17,72
2307312,Connie Russell,1923,5,9,1990,12,18,67
211592,Gail Russell,1924,9,21,1961,8,26,36
609032,Jane Russell,1921,6,21,2011,2,28,89
180997,Rosalind Russell,1907,6,4,1976,11,28,69
797100,Ann Rutherford,1917,11,2,2012,6,11,94
3164009,Fran Ryan,1916,11,29,2000,1,15,83
948620,Irene Ryan,1902,10,17,1973,4,26,70
1127664,Peggy Ryan,1924,8,28,2004,10,30,80
2340106,Sheila Ryan,1921,6,8,1975,11,4,54
5278693,Marin Sais,1890,8,2,1971,12,31,81
1997315,Theresa Saldana,1954,8,20,2016,6,6,61
44706082,Virginia Sale,1899,5,20,1992,8,23,93
2408175,Olga San Juan,1927,3,16,2009,1,3,81
13276549,Diana Sands,1934,8,22,1974,9,21,40
654318,Isabel Sanford,1917,8,29,2004,7,9,86
12904051,Catya Sassoon,1968,9,9,2002,1,1,33
1762961,Tura Satana,1938,7,10,2011,2,4,72
11361840,Reiko Sato,1931,12,19,1981,5,28,49
42536167,Gloria Saunders,1927,9,29,1980,6,4,52
1567213,Ann Savage,1921,2,19,2008,12,25,87
14070599,Laura Sawyer,1885,2,3,1970,9,7,85
26050612,Jo Ann Sayers,1918,10,22,2011,11,14,93
18446476,Anne Schaefer,1870,7,10,1957,5,3,86
686041,Rebecca Schaeffer,1967,11,6,1989,7,18,21
492494,Natalie Schafer,1900,11,5,1991,4,10,90
5952161,Fritzi Scheff,1879,8,30,1954,4,8,74
3872439,Catherine Scorsese,1912,4,16,1997,1,6,84
1743718,Debralee Scott,1953,4,2,2005,4,5,52
17926976,Evelyn Scott (actress),1915,4,20,2002,1,31,86
1718119,Lizabeth Scott,1922,9,29,2015,1,31,92
180984,Martha Scott,1912,9,22,2003,5,28,90
26252504,Gay Seabrook,1901,4,1,1970,4,18,69
7505106,Dorothy Seastrom,1903,2,16,1930,1,31,26
3793507,Dorothy Sebastian,1903,4,26,1957,4,8,53
84781,Jean Seberg,1938,11,13,1979,8,30,40
11811297,Margaret Seddon,1872,11,18,1968,4,17,95
521568,Edie Sedgwick,1943,4,20,1971,11,16,28
15539901,Eileen Sedgwick,1898,10,17,1991,3,15,92
44491382,Josie Sedgwick,1898,3,13,1973,4,30,75
10780295,Miriam Seegar,1907,9,1,2011,1,2,103
37921449,Sara Seegar,1914,7,1,1990,8,12,76
23644633,Sybil Seely,1902,1,2,1984,6,26,82
6375636,Evelyn Selbie,1871,7,6,1950,12,7,79
4411422,Marian Seldes,1928,8,23,2014,10,6,86
69795,Selena,1971,4,16,1995,3,31,23
45297749,Almira Sessions,1888,9,16,1974,8,3,85
13859963,Billie Seward,1912,10,23,1982,3,20,69
32211649,Anne Seymour (actress),1909,9,11,1988,12,8,79
28681668,Clarine Seymour,1898,12,9,1920,4,25,21
39609342,Jane Seymour (Canadian actress),1893,3,24,1956,1,30,62
5232867,Ethel Shannon,1898,5,22,1951,7,10,53
3429112,Peggy Shannon,1907,1,10,1941,5,11,34
7075893,Reta Shaw,1912,9,13,1982,1,8,69
7378025,Victoria Shaw (actress),1935,5,25,1988,8,17,53
3859588,Wini Shaw,1907,2,25,1982,5,2,75
13032154,Joan Shawlee,1926,3,5,1987,3,22,61
2995203,Mildred Shay,1911,9,26,2005,10,15,94
61354,Norma Shearer,1902,8,11,1983,6,12,80
12511258,Barbara Sheldon,1912,11,24,2007,10,19,94
26423723,Kathryn Sheldon,1879,9,22,1975,12,25,96
4039203,Adrienne Shelly,1966,6,24,2006,11,1,40
25455779,Elaine Shepard,1913,4,2,1998,9,6,85
520789,Ann Sheridan,1915,2,21,1967,1,21,51
14561944,Gail Sheridan,1916,1,11,1982,9,17,66
7941955,Margaret Sheridan,1926,10,29,1982,5,1,55
4524262,Teri Shields,1933,8,1,2012,10,31,79
14782421,Marion Shilling,1910,12,3,2004,11,6,93
47349206,Gwynne Shipman,1909,11,8,2005,9,11,95
1419914,Nell Shipman,1892,10,25,1970,1,23,77
1237407,Anne Shirley (actress),1918,4,17,1993,7,4,75
2295300,Ann Shoemaker,1891,1,10,1978,9,18,87
445332,Dinah Shore,1916,2,29,1994,2,24,77
10689743,Elaine Shore,1929,3,4,2007,3,19,78
10316407,Dorothy Short,1915,6,29,1963,6,4,47
13810348,Gertrude Short,1902,4,6,1968,7,31,66
1497242,Ethel Shutta,1896,12,1,1976,2,5,79
1046971,Sylvia Sidney,1910,8,8,1999,7,1,88
193611,Jean Simmons,1929,1,31,2010,1,22,80
9582849,Ginny Simms,1913,5,13,1994,4,4,80
22381628,Hilda Simms,1918,4,15,1994,2,6,75
39056471,Jean Sincere,1919,8,16,2013,4,3,93
1163461,Madge Sinclair,1938,4,28,1995,12,20,57
10837128,Doris Singleton,1919,9,28,2012,6,26,92
368358,Penny Singleton,1908,9,15,2003,11,12,95
18093096,Vera Sisson,1891,7,31,1954,8,6,63
620815,Lilia Skala,1896,11,28,1994,12,18,98
15140911,Edna Skinner,1921,5,23,2003,8,8,82
1533605,Cornelia Otis Skinner,1899,5,30,1979,7,9,80
13841649,Marian Skinner,1880,1,8,1963,6,7,83
18162973,Barbara Slater (actress),1920,12,17,1997,10,14,76
5950449,Martha Sleeper,1910,6,24,1983,3,25,72
37666385,Mary Small,1922,5,10,2007,2,27,84
68335,Anna Nicole Smith,1967,11,28,2007,2,8,39
615307,Kate Smith,1907,5,1,1986,6,17,79
47594604,Mildred Joanne Smith,1921,5,16,2015,7,19,94
17708250,Patricia Smith (actress),1930,2,20,2011,1,2,80
14492265,Queenie Smith,1898,9,8,1978,8,5,79
6537942,Rainbeaux Smith,1955,6,6,2002,10,25,47
217821,Carrie Snodgress,1945,10,27,2004,4,1,58
7255263,Marguerite Snow,1889,9,9,1958,2,17,68
7194669,Leigh Snowden,1929,6,23,1982,5,16,52
297863,Brett Somers,1924,7,11,2007,9,15,83
34656768,Diane Sommerfield,1949,10,24,2001,3,9,51
577751,Gale Sondergaard,1899,2,15,1985,8,14,86
520895,Ann Sothern,1909,1,22,2001,3,15,92
17384656,Eve Southern,1898,10,24,1972,11,28,74
7179470,Fay Spain,1932,10,6,1983,5,8,50
3288349,Wendie Jo Sperber,1958,9,15,2005,11,29,47
27567731,Katherine Squire,1903,3,9,1995,3,29,92
2079601,Grace Stafford,1903,11,7,1992,3,17,88
2344243,Florence Stanley,1924,7,1,2003,10,3,79
210236,Kim Stanley,1925,2,11,2001,8,20,76
14569668,Louise Stanley,1915,1,28,1982,12,28,67
43331,Barbara Stanwyck,1907,7,16,1990,1,20,82
408481,Jean Stapleton,1923,1,19,2013,5,31,90
768228,Maureen Stapleton,1925,6,21,2006,3,13,80
4608634,Pauline Starke,1901,1,10,1976,2,3,75
26011177,Frances Starr,1886,6,6,1973,6,11,87
14277388,Vera Steadman,1900,6,23,1966,12,14,66
7275043,Myrtle Stedman,1883,3,3,1938,1,8,54
5706274,Karen Steele,1931,3,20,1988,3,12,56
5930113,Helen Stenborg,1925,1,24,2011,3,22,86
34263065,Leni Stengel,1901,9,21,1982,4,1,80
557496,Jan Sterling,1921,4,3,2004,3,26,82
14287732,Merta Sterling,1883,6,13,1944,3,14,60
11331244,Emily Stevens (actress),1882,2,27,1928,1,2,45
318233,Inger Stevens,1934,10,18,1970,4,30,35
3426562,K. T. Stevens,1919,7,20,1994,6,13,74
6004443,Kaye Stevens,1932,7,21,2011,12,28,79
3313764,Rise Stevens,1913,6,11,2013,3,20,99
47025217,Ruthelma Stevens,1903,10,23,1984,6,1,80
2836732,Anita Stewart,1895,2,7,1961,5,4,66
11057059,Elaine Stewart,1930,5,31,2011,6,27,81
14010016,Eleanor Stewart,1913,2,2,2007,7,4,94
47105261,Iva Stewart,1914,1,15,1985,3,6,71
35743574,Margie Stewart,1919,12,14,2012,4,26,92
4016644,Dorothy Stickney,1896,6,21,1998,6,2,101
11743031,Robin Stille,1961,11,24,1996,2,9,34
8119014,Linda Stirling,1921,10,11,1997,7,20,75
1880864,Shirley Stoler,1929,3,30,1999,2,17,69
6899772,Ruth Stonehouse,1892,9,28,1941,5,12,48
14716360,June Storey,1918,4,20,1991,12,18,73
165047,Gale Storm,1922,4,5,2009,6,27,87
2150208,Beatrice Straight,1914,8,2,2001,4,7,86
1727655,Susan Strasberg,1938,5,22,1999,1,21,60
983751,Marcia Strassman,1948,3,1,2014,10,24,66
5864864,Amzie Strickland,1919,1,10,2006,7,5,87
965956,Elaine Stritch,1925,2,2,2014,7,17,89
21542618,Barbara Stuart,1930,1,3,2011,5,15,81
528417,Gloria Stuart,1910,7,4,2010,9,26,100
23051122,Maxine Stuart,1918,6,28,2013,6,6,94
33098246,Randy Stuart,1924,10,24,1996,7,20,71
5915811,Madame Sul-Te-Wan,1873,3,7,1959,2,1,85
180977,Margaret Sullavan,1909,5,16,1960,1,1,50
14235066,Jean Sullivan,1923,5,26,2003,2,27,79
149561,Donna Summer,1948,12,31,2012,5,17,63
5994128,Hope Summers,1896,6,7,1979,6,22,83
18463012,Marion Sunshine,1894,5,15,1963,1,25,68
4687557,Valeska Suratt,1882,6,22,1962,7,2,80
300341,Jacqueline Susann,1918,8,20,1974,9,21,56
36000069,Carol Ann Susi,1952,2,2,2014,11,11,62
23792310,Dolores Sutton,1927,2,4,2009,5,11,82
171993,Gloria Swanson,1899,3,27,1983,4,4,84
17386792,Julia Swayne Gordon,1878,10,29,1933,5,28,54
1002152,Jennifer Syme,1972,12,7,2001,4,2,28
8766672,Joan Tabor,1932,9,16,1968,12,18,36
2400401,Gloria Talbott,1931,2,7,2000,9,19,69
4428161,Mabel Taliaferro,1887,5,21,1979,1,24,91
3184481,Natalie Talmadge,1896,4,29,1969,6,19,73
22740417,Betty Tanner,1916,2,5,1994,11,8,78
7047001,Rose Tapley,1881,6,30,1956,2,23,74
14787427,Harriette Tarler,1920,11,4,2001,11,18,81
1404540,Lilyan Tashman,1896,10,23,1934,3,21,37
44735,Sharon Tate,1943,1,24,1969,8,9,26
4266787,Clarice Taylor,1917,9,20,2011,5,30,93
42357,Elizabeth Taylor,1932,2,27,2011,3,23,79
1176054,Estelle Taylor,1894,5,20,1958,4,15,63
21250614,Joan Taylor,1929,8,18,2012,3,4,82
13155994,Lyle Tayo,1889,1,19,1971,5,2,82
17783023,Verree Teasdale,1903,3,15,1987,2,17,83
8312950,Irene Tedrow,1907,8,3,1995,3,10,87
9349638,Olive Tell,1894,9,27,1951,6,6,56
804602,Shirley Temple,1928,4,23,2014,2,10,85
42827071,Christopher Anne Templeton,1952,2,26,2011,2,15,58
2271599,Alice Terry,1899,7,29,1987,12,22,88
14177607,Ethel Grey Terry,1882,10,2,1931,6,1,48
46543988,Ethelind Terry,1899,8,14,1984,3,17,84
12514726,Sheila Terry (actress),1910,3,5,1957,1,19,46
8524343,Joan Tetzel,1921,6,21,1977,10,31,56
2303959,Phyllis Thaxter,1919,11,20,2012,8,14,92
2075721,Lorna Thayer,1919,8,16,2005,6,4,85
12913052,Rosemary Theby,1892,4,8,1973,11,10,81
197118,Lynne Thigpen,1948,12,22,2003,3,12,54
11419228,Larri Thomas,1932,1,23,2013,10,20,81
47139856,Lyn Thomas,1929,11,2,2004,8,26,74
2359687,Kay Thompson,1909,11,9,1998,7,2,88
4390048,Sada Thompson,1927,9,27,2011,5,4,83
6771078,Mary Thurman,1895,4,27,1925,12,22,30
6506125,Tedi Thurman,1923,6,23,2012,9,17,89
30110136,Carol Thurston,1920,9,27,1969,12,31,49
181349,Gene Tierney,1920,11,19,1991,11,6,70
10727642,Fay Tincher,1884,4,17,1983,10,11,99
11660179,Genevieve Tobin,1899,11,29,1995,7,31,95
453864,Thelma Todd,1906,7,29,1935,12,16,29
22306925,Judy Toll,1958,1,14,2002,5,2,44
25844526,Joan Tompkins,1915,7,9,2005,1,29,89
5516235,Raquel Torres,1908,11,11,1987,8,10,78
1371265,Audrey Totter,1917,12,20,2013,12,12,95
11500649,Aline Towne,1919,11,7,1996,2,2,76
7395041,Anna Townsend,1845,1,5,1923,9,11,78
28689423,Genevieve Townsend,1897,12,4,1927,5,1,29
5792015,Mary Ellen Trainor,1952,7,8,2015,5,20,62
609370,Thuy Trang,1973,12,14,2001,9,3,27
4912478,Doris Eaton Travis,1904,3,14,2010,5,11,106
10074619,June Travis,1914,8,7,2008,4,14,93
17163829,Dorothy Tree,1906,5,21,1992,2,13,85
32184926,Mary Treen,1907,3,27,1989,7,20,82
40272905,Barbara Trentham,1944,8,27,2013,8,2,68
362422,Claire Trevor,1910,3,8,2000,4,8,90
4699930,Michelle Triola Marvin,1932,11,13,2009,10,30,76
42585453,Sarah Truax,1872,2,12,1958,2,2,85
25185673,Mabel Trunnelle,1879,11,8,1981,4,20,101
264719,Sophie Tucker,1887,1,13,1966,2,9,79
190966,Barbara Turner (screenwriter),1936,7,14,2016,4,5,79
911896,Florence Turner,1885,1,6,1946,8,28,61
179105,Lana Turner,1921,2,8,1995,6,29,74
7337299,Helen Twelvetrees,1908,12,25,1958,2,13,49
797514,Judy Tyler,1932,10,9,1957,7,3,24
21630955,Ann Tyrrell,1909,2,6,1983,7,20,74
498054,Susan Tyrrell,1945,3,18,2012,6,16,67
6126034,Lenore Ulric,1892,7,21,1970,12,30,78
766070,Miyoshi Umeki,1929,5,8,2007,8,28,78
23072030,Misty Upham,1982,7,6,2014,10,5,32
4899290,Minerva Urecal,1894,9,22,1966,2,26,71
7983945,Sigrid Valdis,1935,9,21,2007,10,14,72
27104580,Virginia Vale,1920,5,20,2006,9,14,86
6685097,Vola Vale,1897,2,12,1970,10,17,73
39216786,Joan Valerie,1911,7,15,1983,1,30,71
2758374,Valda Valkyrien,1895,9,30,1956,10,22,61
6834934,Virginia Valli,1898,6,10,1968,9,24,70
7531476,Mabel Van Buren,1878,7,17,1947,11,4,69
766048,Jo Van Fleet,1915,12,29,1996,6,10,80
28367202,Dorothy Van,1928,1,10,2002,5,16,74
661884,Danitra Vance,1954,7,13,1994,8,21,40
346303,Vivian Vance,1909,7,26,1979,8,17,70
7060755,Evelyn Varden,1893,6,12,1958,7,11,65
8151073,Norma Varden,1898,1,20,1989,1,19,90
600291,Diane Varsi,1938,2,23,1992,11,19,54
6313334,Alberta Vaughn,1904,7,27,1992,4,26,87
269046,Lupe Velez,1906,7,18,1944,12,13,38
14513907,Evelyn Venable,1913,10,18,1993,11,15,80
9236221,Benay Venuta,1910,1,27,1995,9,1,85
391851,Vera-Ellen,1921,2,16,1981,8,30,60
55608,Gwen Verdon,1925,1,13,2000,10,18,75
20341049,Kaaren Verne,1918,4,6,1967,12,23,49
18024617,Agnes Vernon,1895,12,27,1948,2,21,52
13036558,Dorothy Vernon (actress),1875,11,11,1970,10,28,94
2242117,Irene Vernon,1922,1,16,1998,4,21,76
1063096,Virginia Vestoff,1939,12,9,1982,5,2,42
2807534,Martha Vickers,1925,5,28,1971,11,2,46
1891637,June Vincent,1920,7,17,2008,11,20,88
6406107,Helen Vinson,1907,9,17,1999,10,7,92
14715856,Victoria Vinton,1912,8,23,1980,6,12,67
2408087,Nedra Volz,1908,6,18,2003,1,20,94
20534668,Ernestine Wade,1906,8,7,1983,4,15,76
18372190,Wende Wagner,1941,12,6,1997,2,26,55
15502596,Marie Walcamp,1894,7,27,1936,11,17,42
1470908,Janet Waldo,1920,2,4,2016,6,12,96
7177813,Cheryl Walker,1918,8,1,1971,10,24,53
2325225,Helen Walker,1920,7,17,1968,3,10,47
2345819,June Walker,1900,6,14,1966,2,3,65
1097171,Kim Walker (actress),1968,6,19,2001,3,6,32
14543669,Lillian Walker,1887,4,21,1975,10,10,88
460464,Nancy Walker,1922,5,10,1992,3,25,69
14993567,Nella Walker,1886,3,6,1971,3,22,85
37037374,Geraldine Wall,1912,6,24,1970,6,22,57
2109665,Jean Wallace,1923,10,12,1990,2,14,66
113163,Marcia Wallace,1942,11,1,2013,10,25,70
19315444,May Wallace,1877,8,23,1938,12,11,61
1775542,Deborah Walley,1943,8,12,2001,5,10,57
20824558,Katherine Walsh (actress),1947,4,11,1970,10,7,23
9367319,Luana Walters,1912,7,22,1963,5,19,50
4616897,Gladys Walton,1903,4,13,1993,11,15,90
14198581,Carrie Clark Ward,1862,1,9,1926,2,6,64
13079854,Lucille Ward,1880,2,25,1952,8,8,72
15084697,Irene Ware,1910,11,6,1993,3,11,82
3214993,Katherine Warren,1905,7,12,1965,7,17,60
13464049,Lule Warrenton,1862,7,22,1932,5,14,69
1369938,Ruth Warrick,1916,6,29,2005,1,15,88
1482229,Fredi Washington,1903,12,23,1994,6,28,90
171252,Ethel Waters,1896,10,31,1977,9,1,80
371853,Kellie Waymire,1967,7,27,2003,11,13,36
6963577,Carol Wayne,1942,9,11,1985,1,13,42
14781443,Marjorie Weaver,1913,3,2,1994,10,1,81
27355749,Jane Webb,1925,8,13,2010,3,30,84
3344431,Lois Weber,1879,6,13,1939,11,13,60
14599568,Barbara Weeks (film actress),1913,7,4,2003,6,24,89
1131656,Virginia Weidler,1927,3,21,1968,7,1,41
20917898,Elisabeth Welch,1904,2,19,2003,7,15,99
16397534,Nancy Welford,1904,5,31,1991,9,30,87
6057815,Gwen Welles,1951,3,4,1993,10,13,42
33073862,Valerie Wellington,1959,11,14,1993,1,2,33
24408695,Dorothy Wellman,1913,11,25,2009,9,16,95
10291395,Pat Welsh (actress),1915,2,11,1995,1,26,79
20562814,Martha Wentworth,1889,6,2,1974,3,8,84
38160957,Barbara Werle,1928,10,6,2013,1,1,84
17247093,Billie West,1891,8,5,1967,6,7,75
14933978,Lillian West,1886,3,15,1970,4,23,84
173082,Mae West,1893,8,17,1980,11,22,87
24467169,Helen Westcott,1928,1,1,1998,3,17,70
12243752,Helen Westley,1875,3,28,1942,12,12,67
7432782,Nydia Westman,1902,2,19,1970,5,23,68
22752645,Joan Wheeler,1913,1,8,2001,12,20,88
21236154,Arleen Whelan,1914,9,1,1993,4,7,78
1027133,Alice White,1904,8,24,1983,2,19,78
27260203,Carolina White,1886,5,23,1961,10,5,75
15516230,Jane White,1922,10,30,2011,7,24,88
811392,Pearl White,1889,3,4,1938,8,4,49
16794555,Ruth White (actress),1914,4,24,1969,12,3,55
1397914,Thelma White,1910,12,4,2005,1,11,94
17909439,Claire Whitney,1890,5,6,1969,8,27,79
933669,Grace Lee Whitney,1930,4,1,2015,5,1,85
17414925,Helene Whitney,1914,7,4,1990,3,28,75
45083513,Josephine Whittell,1883,11,30,1961,6,1,77
1017034,Mary Wickes,1910,6,13,1995,10,22,85
5254341,Lynda Wiesmeier,1963,5,30,2012,12,16,49
2306851,Collin Wilcox (actress),1935,2,4,2009,10,14,74
14957375,Lois Wilde,1907,8,14,1995,2,16,87
46521056,Jan Wiley,1916,2,21,1993,5,26,77
10684748,Violet Wilkey,1903,1,10,1976,6,5,73
2080614,Kate Wilkinson,1916,10,25,1993,2,9,76
16883727,Jean Willes,1923,4,15,1989,1,3,65
26044028,Ada Williams (actress),1913,6,2,1975,8,12,62
24545784,Clara Williams,1888,5,3,1928,5,8,40
896498,Esther Williams,1921,8,8,2013,6,6,91
2702568,Kathlyn Williams,1879,5,31,1960,9,23,81
3773542,Lottie Williams,1874,1,20,1962,11,16,88
2411751,Vesta Williams,1957,12,1,2011,9,22,53
31781858,Beverly Wills,1933,6,7,1963,10,24,30
3541390,Ajita Wilson,1950,1,12,1987,5,26,37
14935247,Dorothy Wilson (actress),1909,11,14,1998,1,7,88
10458273,Elizabeth Wilson,1921,4,4,2015,5,9,94
2864530,Lois Wilson (actress),1894,6,28,1988,3,3,93
4021817,Marie Wilson (American actress),1916,8,19,1972,11,23,56
4517526,Yvette Wilson,1964,3,6,2012,6,14,48
4675824,Beatrice Winde,1924,1,5,2004,1,3,79
2249262,Claire Windsor,1892,4,14,1972,10,24,80
1571662,Marie Windsor,1919,12,11,2000,12,10,80
6806827,Toby Wing,1915,7,14,2001,3,22,85
838611,Gloria Winters,1931,11,28,2010,8,14,78
5965537,Marian Winters,1920,4,19,1978,11,3,58
187094,Shelley Winters,1920,8,18,2006,1,14,85
9055612,Jane Winton,1905,10,10,1959,9,22,53
30174157,Tina Wiseman,1965,9,26,2005,2,20,39
9793159,Isabel Withers,1896,1,20,1968,9,3,72
6082284,Cora Witherspoon,1890,1,5,1957,11,17,67
13036632,Dorothea Wolbert,1874,4,12,1958,9,15,84
25761780,Barbara Jean Wong,1924,3,3,1999,11,13,75
77390,Natalie Wood,1938,7,20,1981,11,29,43
859179,Peggy Wood,1892,2,9,1978,3,18,86
14947154,Joan Woodbury,1915,12,17,1989,2,22,73
47072266,Barbara Woodell,1910,5,25,1997,1,16,86
35510314,Pat Woodell,1944,7,12,2015,9,29,71
16288115,Lesley Woods,1910,8,22,2003,8,2,92
6422624,Irene Worth,1916,6,23,2002,3,9,85
18742451,Lillian Worth,1884,6,24,1952,2,23,67
10965,Fay Wray,1907,9,15,2004,8,8,96
5519892,J. Madison Wright Morris,1984,7,29,2006,7,21,21
181011,Teresa Wright,1918,10,27,2005,3,6,86
8100920,Maris Wrixon,1916,12,28,1999,10,16,82
594237,Jane Wyatt,1910,8,12,2006,10,20,96
6428599,Meg Wyllie,1917,2,15,2002,1,1,84
183753,Jane Wyman,1917,1,5,2007,9,10,90
15035332,Patrice Wymore,1926,12,17,2014,3,22,87
14904555,Nan Wynn,1915,5,8,1971,3,21,55
2636651,Clara Kimball Young,1890,9,6,1960,10,15,70
24973039,Evelyn Young,1915,11,17,1983,2,14,67
183759,Loretta Young,1913,1,6,2000,8,12,87
40170151,Mary Young (actress),1879,6,21,1971,6,23,92
2330323,Polly Ann Young,1908,10,25,1997,1,21,88
3801593,Carmen Zapata,1927,7,15,2014,1,5,86
1877086,Vera Zorina,1917,1,2,2003,4,9,86
